iter	10	1.450786467641592	0.37500000000000006	1.5233752131462097	0.34750000000000003	
iter	20	1.3778119571506977	0.40249999999999997	1.5021217465400696	0.37375	
iter	30	1.3906549997627735	0.40375000000000005	1.5276277624070644	0.32125	
iter	40	1.3599014952778816	0.405	1.4800397157669067	0.355	
iter	50	1.3292718343436718	0.46375000000000005	1.5008081644773483	0.36750000000000005	
iter	60	1.3498829640448093	0.41625000000000006	1.473889533430338	0.36875	
iter	70	1.288347452878952	0.49	1.4585197232663631	0.37749999999999995	
iter	80	1.3068341314792633	0.4600000000000001	1.4811955392360687	0.3787500000000001	
iter	90	1.2998491320759058	0.46125000000000005	1.4775959178805351	0.35750000000000004	
iter	100	1.3740405775606632	0.3949999999999999	1.5610288344323635	0.3437500000000001	
iter	110	1.3188706375658512	0.42624999999999996	1.4002727083861828	0.4487499999999998	
iter	120	1.3129822611808777	0.4587499999999999	1.432260051369667	0.40625	
iter	130	1.2464111186563969	0.5000000000000001	1.4032241702079773	0.39499999999999996	
iter	140	1.2208774592727423	0.48125000000000007	1.4659410119056702	0.3762500000000001	
iter	150	1.2128058280795813	0.51	1.4414647109806538	0.38750000000000007	
iter	160	1.2416366692632437	0.48375	1.406390968710184	0.4275	
iter	170	1.2197164110839367	0.5	1.447592131793499	0.38125	
iter	180	1.241479443386197	0.49500000000000016	1.4630367867648602	0.38000000000000006	
iter	190	1.2864079773426056	0.47000000000000014	1.3505267351865768	0.44749999999999995	
iter	200	1.207326278090477	0.5237500000000002	1.4123939033597708	0.41375	
iter	210	1.1740674264729023	0.53375	1.3989228419959545	0.39875	
iter	220	1.1507825925946236	0.5300000000000001	1.3920612558722496	0.42874999999999996	
iter	230	1.2114901635795832	0.505	1.4140026737004519	0.4024999999999999	
iter	240	1.20003648288548	0.5037499999999999	1.3982741590589285	0.43125000000000013	
iter	250	1.1968908663839102	0.515	1.3841391131281853	0.42250000000000015	
iter	260	1.1268970128148794	0.5500000000000003	1.3301619552075863	0.4475	
iter	270	1.1669663656502962	0.5325000000000001	1.339343260973692	0.44625000000000004	
iter	280	1.1977446340024471	0.5237499999999999	1.3854171987622976	0.43	
iter	290	1.1014875005930662	0.5562500000000001	1.2987445164471865	0.47249999999999986	
iter	300	1.164894176647067	0.52	1.293531607836485	0.4787500000000001	
iter	310	1.1223394088447094	0.5587500000000001	1.3339755348861217	0.4287499999999999	
iter	320	1.1626933477818966	0.5475	1.2596011366695166	0.48875	
iter	330	1.1115894988179207	0.5525	1.2415501531213522	0.4774999999999999	
iter	340	1.0657806228846312	0.5737500000000001	1.2650011852383614	0.5025000000000001	
iter	350	1.0271310098469257	0.6012500000000001	1.2806271072477102	0.48125000000000007	
iter	360	1.0663576647639275	0.5900000000000002	1.2399272434413433	0.5087500000000001	
iter	370	1.118564797565341	0.5487500000000001	1.3180880807340145	0.43750000000000006	
iter	380	1.092474289238453	0.57375	1.2651226073503494	0.47625000000000006	
iter	390	1.1199078690260649	0.5599999999999998	1.2373246438801289	0.4925	
iter	400	1.108131930232048	0.55	1.2231806423515081	0.5050000000000001	
iter	410	1.1192197315394878	0.5662500000000001	1.259321415796876	0.4925	
iter	420	1.0746184270828962	0.575	1.2475515361875296	0.50125	
iter	430	1.063540916889906	0.5562499999999999	1.2614099364727736	0.47250000000000003	
iter	440	0.9987998902797699	0.5975000000000001	1.2896223738789558	0.4525	
iter	450	1.1007207138463855	0.5662499999999999	1.2093685809522867	0.5287499999999999	
iter	460	1.1470082718878984	0.5275	1.2502596117556095	0.5025000000000001	
iter	470	1.0594776049256325	0.57625	1.1885105185210705	0.5062500000000001	
iter	480	0.9870344661176205	0.6099999999999999	1.209537573158741	0.4974999999999999	
iter	490	1.0568883512169123	0.56875	1.2315537761896849	0.5075	
iter	500	1.076494613662362	0.57125	1.1762516126036644	0.51625	
iter	510	1.0825924836099148	0.5325000000000001	1.2861668858677149	0.47375	
iter	520	1.0759916584938765	0.5549999999999999	1.1548788081854582	0.5487499999999998	
iter	530	1.0196810811758041	0.5937500000000001	1.224695647135377	0.4987500000000001	
iter	540	1.097146512940526	0.5762500000000002	1.259282847866416	0.49625	
iter	550	1.0043194852769375	0.61	1.1065715793520212	0.5587500000000001	
iter	560	1.1209742315113544	0.54375	1.127881282940507	0.55625	
iter	570	1.0371799413114786	0.6000000000000001	1.2098301369696856	0.53	
iter	580	1.080362344160676	0.58	1.2218390200287104	0.51625	
iter	590	1.0643503703176975	0.5787500000000001	1.1325595509260893	0.5524999999999999	
iter	600	1.0170257147401571	0.57375	1.1665748953819275	0.525	
iter	610	1.0453524272888899	0.59125	1.0777083914726973	0.57	
iter	620	1.005810346454382	0.58875	1.2570168655365705	0.49625000000000014	
iter	630	1.013772126287222	0.57625	1.1722579058259726	0.5175000000000001	
iter	640	1.0732384137809277	0.57125	1.223911264911294	0.49875	
iter	650	0.9728443324565887	0.6025	1.1384779680520296	0.5562500000000001	
iter	660	0.9495241772383451	0.6012500000000001	1.261126283556223	0.5000000000000001	
iter	670	0.9812212027609348	0.59875	1.0633186269551516	0.58	
iter	680	1.0601261369884014	0.56625	1.1529473569244146	0.5525	
iter	690	1.0089020151644945	0.5925	1.1321055218577385	0.535	
iter	700	1.0538655947893858	0.5612500000000001	1.1399708595126867	0.54875	
iter	710	1.0094476789236069	0.58875	1.0960324704647064	0.5525	
iter	720	1.013088271021843	0.5925000000000001	1.1425908487290144	0.5387500000000001	
iter	730	1.0146330930292606	0.57875	1.1011502854526043	0.5687500000000002	
iter	740	0.9662772128358483	0.6262500000000002	1.1138148456811905	0.55125	
iter	750	0.9927649274468422	0.6150000000000001	1.1549334172159433	0.5475000000000001	
iter	760	0.9806569796055555	0.6012500000000001	1.1028611306101084	0.5637500000000002	
iter	770	1.0001372005790472	0.58625	1.1720182448625565	0.5325000000000001	
iter	780	1.0002276841551065	0.6	1.1505686659365892	0.5662500000000003	
iter	790	1.0261762663722038	0.57125	1.162292217835784	0.5399999999999999	
iter	800	0.9922978971153498	0.5999999999999998	1.1408950481563807	0.5625000000000001	
iter	810	0.983849773183465	0.6250000000000001	1.1139930114150047	0.5437500000000001	
iter	820	0.9233039692044258	0.6387500000000002	1.0815810784697533	0.5599999999999998	
iter	830	1.0078507084399462	0.6025	1.1195841450244188	0.57625	
iter	840	0.9515769733116031	0.6175000000000002	1.1109362728893757	0.5487500000000001	
iter	850	0.8960552550852299	0.6637500000000003	1.0550066847354174	0.56875	
iter	860	0.9895858652889729	0.605	1.0691815447062254	0.57125	
iter	870	0.9558014050126076	0.61375	1.1941490080207586	0.54625	
iter	880	0.856915595009923	0.6687500000000001	1.1234805583953857	0.5599999999999999	
iter	890	1.0335789453238249	0.5900000000000002	1.1032261196523905	0.5750000000000002	
iter	900	1.0109192673116922	0.59	1.1212424486875534	0.56125	
iter	910	0.9840730912983418	0.615	1.114552116021514	0.5737499999999999	
iter	920	0.8427335657179356	0.6875	1.1158407144248486	0.5425	
iter	930	0.9471736811101437	0.62875	1.0032735746353865	0.6	
iter	940	0.8454617941752076	0.6687500000000002	0.9636627845466137	0.6187500000000002	
iter	950	0.8847554204985499	0.64875	1.0451611876487732	0.5750000000000001	
iter	960	0.9889561422169209	0.6100000000000001	1.0599634582176805	0.57375	
iter	970	0.9015479581430554	0.65375	1.0389065593481064	0.59375	
iter	980	0.8984482251107693	0.6475000000000002	0.998492456972599	0.5850000000000001	
iter	990	0.9260575454682112	0.6337500000000001	1.0460729245096445	0.5987500000000001	
iter	1000	0.9068309795111418	0.655	1.0214525684714317	0.62125	
iter	1010	0.9126239866018295	0.65125	1.1837319303303957	0.5400000000000001	
iter	1020	0.9751647096127272	0.6225	1.0821343436837196	0.5874999999999999	
iter	1030	0.9389649257063866	0.6325	1.0848785620182753	0.5537500000000001	
iter	1040	0.9170764107257128	0.6275000000000001	1.0295290732756257	0.5875	
iter	1050	0.8773585734888911	0.6525000000000001	0.996831975877285	0.6249999999999999	
iter	1060	0.9146709982305765	0.6462500000000002	1.0430634561926126	0.5775	
iter	1070	0.9051217287778854	0.63625	1.0924029257148504	0.57	
iter	1080	0.8609195770695806	0.6550000000000001	1.1192469391971827	0.5700000000000001	
iter	1090	0.9071173286065459	0.6475000000000001	1.0389811638742685	0.6025	
iter	1100	0.899053493514657	0.6537500000000003	1.0404062625020742	0.5862499999999999	
iter	1110	0.8931829165667295	0.6625	1.0496306251734495	0.5962500000000002	
iter	1120	0.8482227232307196	0.6725	0.940468231216073	0.6275000000000001	
iter	1130	0.8848260594531894	0.6475	1.0362539403140545	0.5825	
iter	1140	0.8736937083303928	0.6712500000000001	1.0578388888388872	0.58	
iter	1150	0.9384546345099807	0.6412500000000002	1.07531763240695	0.5825	
iter	1160	0.8899815827608109	0.64	1.1172712575644255	0.5725000000000001	
iter	1170	0.8334403252229095	0.6737500000000001	1.0051616728305817	0.58875	
iter	1180	0.8637581309303641	0.6687500000000001	1.0388154536485672	0.60625	
iter	1190	0.8796822391450405	0.6637500000000001	1.0225021773949265	0.6150000000000001	
iter	1200	0.927358316257596	0.6300000000000002	1.0488136988133192	0.62	
iter	1210	0.8712905775755644	0.67125	0.9653160851448774	0.6162500000000001	
iter	1220	0.8980302913114429	0.6562500000000001	1.0573984291404486	0.5887500000000001	
iter	1230	0.8040983015671372	0.68875	1.0862887222319841	0.6000000000000002	
iter	1240	0.7565536284819245	0.7112500000000003	1.0636742375791073	0.5825	
iter	1250	0.8793450072407722	0.6662500000000002	1.1139310840517282	0.5812499999999999	
iter	1260	0.8653029995039105	0.64875	1.0901366118341684	0.5724999999999999	
iter	1270	0.8470979928970337	0.6699999999999999	1.1028713397681713	0.5725	
iter	1280	0.8327572159469128	0.6825000000000001	1.092734007164836	0.56875	
iter	1290	0.864801587536931	0.67875	1.1311167776584625	0.57625	
iter	1300	0.93961828853935	0.63875	1.0524967014789581	0.595	
iter	1310	0.8410621089860797	0.6875000000000001	0.9221049305051565	0.6375	
iter	1320	0.894180765375495	0.6425000000000001	0.9827306903898716	0.6075	
iter	1330	0.8099951986223459	0.6987500000000001	0.9712003171443939	0.6225	
iter	1340	0.9397378452122211	0.6350000000000001	0.9871234763413668	0.59375	
iter	1350	0.8593562189489603	0.6612499999999999	0.9736468363553286	0.6225000000000002	
iter	1360	0.8702697707340121	0.6725000000000001	1.0487694554030895	0.6100000000000001	
iter	1370	0.835405919700861	0.67875	0.9676452092826366	0.6250000000000001	
iter	1380	0.8614626098424196	0.6675000000000003	1.015091742388904	0.6175	
iter	1390	0.8789626620709896	0.675	1.0195128181949258	0.61	
iter	1400	0.8533799406141043	0.66125	1.0122891180217266	0.5825	
iter	1410	0.8255359986796975	0.6875000000000001	1.0398023463785648	0.5900000000000002	
iter	1420	0.823217692784965	0.6837500000000003	1.0270007997751236	0.5975	
iter	1430	0.8049094518646598	0.6937500000000001	1.0326436217874289	0.6037500000000002	
iter	1440	0.9022972285747528	0.64625	1.0611418168991804	0.5537499999999999	
iter	1450	0.8200384732335806	0.6862500000000001	0.9408197402954102	0.6412500000000003	
iter	1460	0.794019871391356	0.7025000000000002	1.073840269818902	0.58625	
iter	1470	0.819023696705699	0.6775	0.9955149246379733	0.6100000000000001	
iter	1480	0.8142728563398123	0.70875	1.103806828148663	0.55875	
iter	1490	0.8271649852395058	0.6625000000000001	1.0220455173403025	0.6000000000000001	
iter	1500	0.8467787373811007	0.6625	0.9892756100744009	0.6174999999999999	
iter	1510	0.8337129503488541	0.7050000000000001	1.001192471012473	0.60375	
iter	1520	0.799106178805232	0.6875	0.9820657130330801	0.6187499999999999	
iter	1530	0.7943146601319313	0.7062500000000002	0.9994878889992833	0.5975	
iter	1540	0.7536820517852902	0.72625	1.0549462176859379	0.5975	
iter	1550	0.7396501190960407	0.7212500000000001	1.0134838912636042	0.6112499999999998	
iter	1560	0.7562344772741199	0.7075	1.023041675798595	0.6100000000000001	
iter	1570	0.9035209706053138	0.6612500000000001	1.015278022736311	0.6175	
iter	1580	0.8073438676074147	0.6874999999999998	0.9648964442312717	0.6299999999999998	
iter	1590	0.8293158393353224	0.69	1.0091454777866602	0.6012500000000001	
iter	1600	0.7758695110678673	0.7112500000000003	1.0701888352632523	0.5837500000000001	
iter	1610	0.826141007244587	0.7025	0.9897261559963226	0.61375	
iter	1620	0.805127234198153	0.7025000000000001	0.9718248946592212	0.6249999999999999	
iter	1630	0.8330426402390003	0.6862500000000001	0.9745199624449015	0.635	
iter	1640	0.8393745180219412	0.6762499999999999	0.9864319525659084	0.6074999999999999	
iter	1650	0.7800380745902658	0.7124999999999999	1.0812522452324629	0.5599999999999999	
iter	1660	0.8465112941339612	0.69625	0.9450029190629721	0.63375	
iter	1670	0.7934085205197334	0.6987500000000001	1.0300509938970208	0.5975000000000001	
iter	1680	0.7902122298255563	0.7087500000000003	1.0084179174154997	0.6174999999999999	
iter	1690	0.8538631815463305	0.6687500000000002	0.9372886717319489	0.6212500000000001	
iter	1700	0.7253584284335375	0.7362500000000002	1.0486211702227592	0.6000000000000002	
iter	1710	0.722075067460537	0.7400000000000002	1.097728779539466	0.5662499999999999	
iter	1720	0.8441622937098145	0.6962500000000001	0.938114745542407	0.6312499999999999	
iter	1730	0.7266010502353311	0.73625	0.9056296302005649	0.6587500000000002	
iter	1740	0.807867057621479	0.7087500000000001	1.0723849833011627	0.575	
iter	1750	0.8315227506682277	0.7112500000000002	1.0819710958749056	0.5875000000000001	
iter	1760	0.8408169094473124	0.6637500000000001	0.9695098381489515	0.62375	
iter	1770	0.8521761354058981	0.6700000000000002	1.0547929499298334	0.5937500000000001	
iter	1780	0.7496339902281761	0.72625	1.0719210458919406	0.5925000000000001	
iter	1790	0.7931725410744548	0.6775000000000001	0.9267097674310207	0.6325000000000002	
iter	1800	0.8610243499279022	0.6762499999999999	0.9633884513750672	0.6425	
iter	1810	0.8144309902563691	0.6962499999999999	0.8845777064561844	0.655	
iter	1820	0.8393399966880679	0.7037500000000001	1.0082166278734803	0.6187500000000001	
iter	1830	0.7119444413110614	0.7462500000000001	0.9826953765004873	0.6200000000000001	
iter	1840	0.7526139440014958	0.7125	0.9445537058636546	0.6374999999999998	
iter	1850	0.7680655894801021	0.7150000000000001	0.9384634532034397	0.6337499999999999	
iter	1860	0.8294225763529539	0.6887500000000002	0.9774476308375597	0.61875	
iter	1870	0.7554701026529074	0.715	0.9982446683570743	0.6237499999999999	
iter	1880	0.8033908726647496	0.7025000000000002	1.0070840157568455	0.6049999999999999	
iter	1890	0.7250543059781194	0.7200000000000002	0.9144847337156534	0.64875	
iter	1900	0.8423655880615115	0.6787500000000002	0.9241189993917942	0.65625	
iter	1910	0.8529499191790819	0.6825000000000001	1.1202393285930157	0.5900000000000001	
iter	1920	0.7172922817990184	0.7425000000000003	0.9222573693841696	0.6387500000000002	
iter	1930	0.7064158618450165	0.7512500000000002	1.002401533536613	0.62	
iter	1940	0.7716097570955753	0.7137500000000002	0.9502454455941916	0.62375	
iter	1950	0.7434454532340169	0.7087500000000001	0.9397937366738915	0.675	
iter	1960	0.8297624653205276	0.6875	1.0286577343940735	0.59125	
iter	1970	0.7770135654136539	0.7012500000000002	1.0425587594509125	0.6050000000000002	
iter	1980	0.8148110928013921	0.7125	0.958701035939157	0.6250000000000001	
iter	1990	0.8052499573677778	0.70625	1.0419407039880753	0.6037500000000001	
iter	2000	0.786910105496645	0.7162500000000003	1.000194326043129	0.635	
iter	2010	0.8238865500316024	0.6849999999999999	0.9103360800072551	0.6512500000000002	
iter	2020	0.7530371397733688	0.7012499999999999	0.9074539486318827	0.6487499999999998	
iter	2030	0.7189776347950101	0.7287500000000002	0.9621679289266467	0.6425	
iter	2040	0.7651945548132062	0.7175	0.99563192948699	0.6175000000000002	
iter	2050	0.7946950644254684	0.7050000000000001	0.9599942350760102	0.6375000000000001	
iter	2060	0.8245279379189014	0.6837500000000002	1.0235941167920828	0.6112499999999998	
iter	2070	0.7006997931748629	0.7212500000000003	0.9394478108733892	0.64875	
iter	2080	0.7380324359983206	0.7212500000000003	1.0082297045737505	0.61	
iter	2090	0.8117649257183075	0.7050000000000001	1.0060788039118052	0.6212499999999999	
iter	2100	0.8046610131859779	0.6987500000000002	0.902824467048049	0.64375	
iter	2110	0.8215861627832055	0.6812500000000001	0.9374195970594883	0.6262500000000001	
iter	2120	0.7787878690287471	0.7012500000000002	0.9118496393784881	0.6462499999999999	
iter	2130	0.6993581494316459	0.7337500000000001	1.079113932326436	0.5900000000000001	
iter	2140	0.7343321973457932	0.7112499999999999	1.0217629671096802	0.6024999999999999	
iter	2150	0.7463569771498442	0.7275	0.9926443938165903	0.6324999999999998	
iter	2160	0.7918296717107296	0.705	1.0817199926823378	0.5925	
iter	2170	0.749039770103991	0.71375	0.9936360567808151	0.6325000000000001	
iter	2180	0.7480400009080768	0.7362500000000002	1.0273443637415767	0.6037500000000001	
iter	2190	0.7759211231023073	0.705	0.931301599368453	0.63625	
iter	2200	0.7549568824470043	0.6975000000000001	1.0158786876127124	0.6124999999999999	
iter	2210	0.7737911660224199	0.7200000000000002	0.9903065552935004	0.6112500000000002	
iter	2220	0.8130865301936865	0.7087500000000001	0.9865366192534566	0.6112500000000001	
iter	2230	0.8108914624899626	0.7000000000000002	1.0600796733051538	0.6124999999999999	
iter	2240	0.6782588325440884	0.7500000000000002	0.9788443706929684	0.6287500000000001	
iter	2250	0.7211052440106869	0.7537500000000003	0.9411405250430107	0.6425	
iter	2260	0.7814811673015356	0.7025000000000002	0.9618879184126854	0.6275	
iter	2270	0.7482428094372153	0.7099999999999999	0.9737510429695249	0.6250000000000001	
iter	2280	0.7449764059856534	0.72125	0.9457289269194007	0.63625	
iter	2290	0.7583513669669628	0.7075000000000001	1.032198267057538	0.615	
iter	2300	0.7428409494459629	0.7137500000000001	0.9552390333265066	0.635	
iter	2310	0.7768904380500317	0.7262500000000001	0.9967626444995403	0.6150000000000001	
iter	2320	0.6941220881417394	0.75	0.9226175583899021	0.63875	
iter	2330	0.6802129037678242	0.7537500000000003	0.9543764777481556	0.6325000000000001	
iter	2340	0.7709149103611708	0.7212500000000002	0.940782786346972	0.6687500000000002	
iter	2350	0.7296797139570117	0.7500000000000001	0.8986493032425642	0.6400000000000001	
iter	2360	0.8101333538070321	0.69625	0.9852801002562046	0.6125	
iter	2370	0.7669706614688039	0.7162500000000003	0.9895635042339563	0.6062500000000001	
iter	2380	0.6974148866720498	0.7525000000000002	1.0072283763438463	0.6125	
iter	2390	0.7172017730772495	0.7375000000000002	0.9899495113641024	0.6387500000000002	
iter	2400	0.7319035092368722	0.7400000000000001	0.9375361176207662	0.6212500000000002	
iter	2410	0.7918761689215899	0.7024999999999999	0.9748197495937347	0.6074999999999999	
iter	2420	0.7982889385893941	0.695	0.9528444446623325	0.6225	
iter	2430	0.6741400323808193	0.7562500000000002	1.079602513462305	0.5862500000000002	
iter	2440	0.7153616398572922	0.7337500000000001	0.9624772984534502	0.6437500000000002	
iter	2450	0.7890106365084648	0.705	0.9275293536484241	0.645	
iter	2460	0.701542432885617	0.75375	0.9262599889189005	0.6262500000000003	
iter	2470	0.7991489320993423	0.6937500000000003	0.9089003447443247	0.64875	
iter	2480	0.6919324500486255	0.7425000000000003	1.0267170667648315	0.6124999999999999	
iter	2490	0.7166141448542476	0.735	1.0260625556111336	0.6025000000000001	
iter	2500	0.736377133987844	0.7462500000000001	1.076966553926468	0.5650000000000001	
iter	2510	0.7168852565810084	0.7375000000000002	0.9748257007449865	0.6025000000000004	
iter	2520	0.6972136367112398	0.7462500000000001	0.9293169053271413	0.6637500000000001	
iter	2530	0.7454784642904997	0.7225000000000001	1.0069256983697414	0.61625	
iter	2540	0.697354257106781	0.7212500000000001	0.9774410482496023	0.6450000000000001	
iter	2550	0.7964978972449899	0.69125	0.9804797451943159	0.62375	
iter	2560	0.6840169024653733	0.7487500000000001	0.9881550269201398	0.63375	
iter	2570	0.7325118193402886	0.7212500000000001	0.9626173349097371	0.6425	
iter	2580	0.6885640760883689	0.7562500000000001	1.092559297569096	0.57875	
iter	2590	0.6780792968347669	0.7499999999999999	1.1066706087440252	0.57625	
iter	2600	0.7441247096285224	0.7050000000000001	0.9893569499254227	0.6237499999999999	
iter	2610	0.6205211547203362	0.7962500000000001	1.028108162805438	0.61375	
iter	2620	0.8224226664751768	0.6900000000000001	0.951578551903367	0.6475000000000001	
iter	2630	0.6771968780085444	0.7475	1.075297737494111	0.5987500000000002	
iter	2640	0.6297060679644346	0.7850000000000001	0.8764531742781401	0.6650000000000001	
iter	2650	0.6858854945749044	0.7700000000000001	1.0046481043100357	0.6049999999999999	
iter	2660	0.6878836462274194	0.7437500000000002	0.9555874112993479	0.6350000000000001	
iter	2670	0.6721814535558224	0.7675	0.9684656448662281	0.6312500000000001	
iter	2680	0.6634265794418752	0.76	1.0026708608493209	0.6225000000000002	
iter	2690	0.7455900134518743	0.7125000000000002	1.0201405640691519	0.59875	
iter	2700	0.7257298994809389	0.7187499999999999	1.0082599855959415	0.6174999999999999	
iter	2710	0.6902805753052235	0.7612499999999999	0.9405794339254498	0.63875	
iter	2720	0.7063859598711133	0.7412500000000002	1.0755976904183626	0.6012500000000001	
iter	2730	0.7007326241582632	0.7337499999999999	0.8989830315113068	0.6587500000000002	
iter	2740	0.6838497160933912	0.7712500000000002	0.9951293785125017	0.6137500000000001	
iter	2750	0.6969131967052817	0.7437500000000001	0.961279921233654	0.63375	
iter	2760	0.6715939966961741	0.7537500000000001	0.984385235235095	0.6425000000000001	
iter	2770	0.7425560653209686	0.7187500000000002	1.037918260321021	0.6000000000000002	
iter	2780	0.7490136297419667	0.7274999999999999	0.9249515319243073	0.63625	
iter	2790	0.7402318688109517	0.7362500000000001	0.9772502221167088	0.6275	
iter	2800	0.747490618377924	0.7187500000000001	0.9683950841426849	0.6287500000000003	
iter	2810	0.7013066252693534	0.7487500000000001	0.9225050639361143	0.6725	
iter	2820	0.7147466391324997	0.7375	0.9662479590624571	0.6287500000000001	
iter	2830	0.6885237041860819	0.7537500000000001	0.920663246884942	0.665	
iter	2840	0.7191239837557077	0.7087500000000001	0.8524850234389305	0.6775000000000002	
iter	2850	0.6822654800489545	0.75	1.0199644286185503	0.6325000000000001	
iter	2860	0.7480962332338095	0.72625	1.0575560573488474	0.61375	
iter	2870	0.6357041196897626	0.755	0.9866534592583776	0.6275	
iter	2880	0.7172092366963625	0.73875	1.0633058901876211	0.6075	
iter	2890	0.748206072486937	0.7250000000000002	0.9732288960367441	0.635	
iter	2900	0.7174699576571584	0.72375	0.8860375806689262	0.64375	
iter	2910	0.6970551172271371	0.7362500000000001	0.9303853753954172	0.6137500000000001	
iter	2920	0.7385669099166989	0.7300000000000001	0.9163263514637947	0.6475000000000002	
iter	2930	0.7003968814387918	0.7262500000000002	0.9770313650369644	0.6399999999999999	
iter	2940	0.7797432956285775	0.7075	0.9316708669066429	0.6475	
iter	2950	0.5234622238203883	0.8137500000000002	0.9201148254796863	0.6487500000000002	
iter	2960	0.672328389249742	0.7512500000000002	1.0180746838450432	0.6075	
iter	2970	0.6758116278797388	0.7500000000000002	0.9337686561048031	0.62875	
iter	2980	0.6782570728100836	0.7612500000000002	1.0175949120894074	0.6175	
iter	2990	0.6801919788122177	0.7600000000000001	0.999967590905726	0.63625	
iter	3000	0.6702450104057789	0.76125	0.9827784989029169	0.6187500000000001	
iter	3010	0.7956707999110222	0.7175	0.9343463256955147	0.64625	
iter	3020	0.7459247261285782	0.7200000000000003	1.0514831449836493	0.5950000000000001	
iter	3030	0.6563546964898705	0.7475000000000002	0.9776054760441184	0.625	
iter	3040	0.6703548394143581	0.73875	0.9992393823340535	0.6200000000000001	
iter	3050	0.6722250822931528	0.7575	0.9996800273656845	0.6412500000000001	
iter	3060	0.6650099330581725	0.7562499999999999	0.8436461705714464	0.6600000000000003	
iter	3070	0.6989467833191156	0.74625	0.9605933725833893	0.62125	
iter	3080	0.719881895929575	0.7450000000000001	0.9367430303245783	0.6475000000000001	
iter	3090	0.6829248499125242	0.7425000000000003	0.9732226990163326	0.6150000000000002	
iter	3100	0.640375629067421	0.7662500000000001	0.9600302381440997	0.65	
iter	3110	0.6882572378963232	0.7475000000000004	0.9450560417026281	0.6100000000000002	
iter	3120	0.6989918639883399	0.74	0.9610676448792219	0.6000000000000002	
iter	3130	0.648813528008759	0.7800000000000002	1.0049667824059725	0.63625	
iter	3140	0.6951059186831117	0.7475	0.9665340939536691	0.6237500000000001	
iter	3150	0.6140009514056146	0.7787499999999999	0.9610298350453377	0.62125	
iter	3160	0.7339143445715308	0.7237499999999999	0.9452713374048471	0.6425000000000002	
iter	3170	0.667374586686492	0.7637500000000002	0.9998693456873298	0.6374999999999998	
iter	3180	0.6227969760075212	0.7825000000000002	0.959547933191061	0.6425000000000001	
iter	3190	0.6850197240710258	0.7462500000000002	0.9695328874513507	0.64125	
iter	3200	0.6376477051526308	0.7787500000000002	1.1369126457720995	0.5837500000000001	
iter	3210	0.6834640214219689	0.7425	1.021276144310832	0.625	
iter	3220	0.6946200327947736	0.75	0.908240107819438	0.6525000000000001	
iter	3230	0.6400418430566788	0.7575000000000003	0.9586667958647013	0.6437500000000002	
iter	3240	0.6318211858160794	0.78375	0.9764670627191663	0.6325000000000003	
iter	3250	0.7183801019564271	0.7475000000000002	0.9567562397569418	0.63125	
iter	3260	0.630835029296577	0.7700000000000001	1.0081775523722172	0.6375000000000001	
iter	3270	0.6636570282280445	0.7512500000000002	0.9622226608917117	0.63125	
iter	3280	0.7745254868641496	0.7112500000000002	1.0024234931915998	0.6099999999999999	
iter	3290	0.6715641533955932	0.7700000000000001	0.8702904470264912	0.6725000000000002	
iter	3300	0.7505615958943963	0.7250000000000001	0.9414699068292975	0.6375000000000001	
iter	3310	0.675362347625196	0.7712500000000002	0.9848640132695436	0.6212500000000001	
iter	3320	0.5891611478291452	0.79375	1.070634551346302	0.6187500000000001	
iter	3330	0.6353232935070992	0.7800000000000001	0.9297688398510218	0.6487500000000004	
iter	3340	0.6313698906451464	0.7712500000000001	1.0013997917994857	0.6287499999999999	
iter	3350	0.7043745061382651	0.7287500000000001	0.9396663838997483	0.64125	
iter	3360	0.7405338203534484	0.7287500000000001	0.981625884771347	0.6287499999999999	
iter	3370	0.7126713059842587	0.7424999999999999	1.0665720365941525	0.60125	
iter	3380	0.6803172156214714	0.7525000000000001	1.0303694158792496	0.6175000000000002	
iter	3390	0.6574308006092906	0.7725000000000002	0.931295900605619	0.6500000000000002	
iter	3400	0.6909996159374714	0.73875	1.0031411778181791	0.6387500000000002	
iter	3410	0.6805364228785038	0.7562500000000001	0.9236663626506925	0.6450000000000001	
iter	3420	0.6950396411120892	0.7475000000000002	0.9452517144382	0.64875	
iter	3430	0.5987769993953407	0.7812500000000003	0.9877339787781239	0.6212500000000001	
iter	3440	0.6092577716335654	0.7937500000000002	1.1037026951089501	0.5687500000000001	
iter	3450	0.7346142483875155	0.7362500000000002	0.9228319386020303	0.6375000000000002	
iter	3460	0.6600112775340676	0.7587500000000001	0.9493538662791252	0.6499999999999999	
iter	3470	0.6244379533454776	0.7612500000000002	0.9897396555170417	0.6500000000000001	
iter	3480	0.6407104572281241	0.77875	0.9557346720248461	0.62375	
iter	3490	0.7094174008816481	0.7500000000000002	0.9223300777375698	0.6337499999999999	
iter	3500	0.6270026857964694	0.7812500000000002	0.9822777453809977	0.615	
iter	3510	0.7031447561457753	0.7587500000000001	0.9684229511767626	0.6350000000000001	
iter	3520	0.7539301048964262	0.7212500000000002	0.9751945659518242	0.6112500000000001	
iter	3530	0.803747633472085	0.7000000000000002	0.8972244495525956	0.6312500000000001	
iter	3540	0.7067371206358075	0.7475000000000002	1.0026656426489353	0.6137500000000002	
iter	3550	0.7156867040321231	0.7437500000000002	0.998437374830246	0.6212500000000001	
iter	3560	0.6322719324380159	0.7724999999999999	0.9487216379493475	0.6462500000000001	
iter	3570	0.6745083574205637	0.7637499999999999	0.9471864169463515	0.6525000000000002	
iter	3580	0.6803199434652925	0.7600000000000002	0.9915501102805138	0.6375	
iter	3590	0.5774183087050915	0.7975000000000001	0.9991951547563076	0.6237500000000001	
iter	3600	0.569594650529325	0.7912500000000002	0.9582934100180864	0.6412500000000001	
iter	3610	0.6705171004869044	0.76625	0.9126218743622303	0.6475000000000001	
iter	3620	0.6080306228250265	0.7712500000000001	0.9548871694132686	0.6437499999999999	
iter	3630	0.6736520612612367	0.73875	0.8919699466787279	0.6562500000000001	
iter	3640	0.616812932305038	0.77875	1.0007665501907468	0.63125	
iter	3650	0.662224099971354	0.7600000000000002	0.9034073874354362	0.6425000000000002	
iter	3660	0.6876570535823703	0.7525000000000001	0.9836739171296358	0.64	
iter	3670	0.5634576827287674	0.8000000000000003	0.9644959615543485	0.6475000000000002	
iter	3680	0.6833953289315104	0.7387500000000001	1.0358349028974771	0.6187499999999999	
iter	3690	0.667619832791388	0.7662500000000001	0.9226680304855108	0.6462500000000002	
iter	3700	0.6191117456182837	0.79	0.9593615382909775	0.6262499999999999	
iter	3710	0.6434221835806966	0.7787500000000003	0.9986922983080149	0.6250000000000002	
iter	3720	0.6175562371499836	0.7612500000000001	1.0401374604552984	0.6287499999999999	
iter	3730	0.6838833098299801	0.7637500000000002	0.9244575938209891	0.63875	
iter	3740	0.5970901567488909	0.8062500000000001	1.0549147818237543	0.5887500000000001	
iter	3750	0.7491261130198836	0.7325	1.007658819667995	0.6225	
iter	3760	0.6105992496013641	0.7737500000000002	0.9280429789796472	0.6475000000000001	
iter	3770	0.6771920099854469	0.7475	1.0526495035737753	0.62125	
iter	3780	0.7182988077402115	0.7337499999999998	0.8597135003656149	0.6937500000000001	
iter	3790	0.6759912222623825	0.7550000000000001	0.9706189893186092	0.6450000000000002	
iter	3800	0.6720954487100244	0.7375000000000004	0.8662356752902269	0.67	
iter	3810	0.6588615858927369	0.7662499999999999	1.0387189220637083	0.61125	
iter	3820	0.6449794918298721	0.7600000000000001	1.054796727374196	0.5950000000000002	
iter	3830	0.6439059991389513	0.765	1.037055370863527	0.6062500000000001	
iter	3840	0.666601023171097	0.7587500000000004	0.8422831380739808	0.6900000000000001	
iter	3850	0.6962409587576985	0.7562500000000003	1.091280268970877	0.6012500000000001	
iter	3860	0.6794483382254839	0.7650000000000001	0.9817858468741179	0.645	
iter	3870	0.6603695857338607	0.7575000000000002	0.87625527754426	0.66375	
iter	3880	0.7087971772998571	0.7162500000000003	1.019201430492103	0.63875	
iter	3890	0.6887997165322304	0.7425	0.9604329569265246	0.6375	
iter	3900	0.6310389246791601	0.77375	1.0971499755978584	0.58625	
iter	3910	0.6999754691496491	0.7575000000000001	0.9251221790909767	0.6462499999999999	
iter	3920	0.641936281695962	0.7662500000000002	1.0418037865310907	0.60625	
iter	3930	0.7233124421909451	0.7437500000000001	0.9937158543616533	0.6262500000000001	
iter	3940	0.5654049753211439	0.7900000000000003	0.9011021321639419	0.66	
iter	3950	0.6666806396096945	0.7687500000000003	0.998772457242012	0.6337499999999999	
iter	3960	0.647848216816783	0.78125	0.9359754966571927	0.66375	
iter	3970	0.6494938083924353	0.7700000000000002	1.067832333035767	0.5950000000000001	
iter	3980	0.6360460622236133	0.7525	0.9475742671638727	0.6325	
iter	3990	0.6189824733883142	0.7737499999999999	0.9100902955979109	0.6549999999999999	
iter	4000	0.6995255881920457	0.7325000000000002	1.0269199181348085	0.6137500000000001	
iter	4010	0.6543620461598039	0.7599999999999999	0.9344794359058142	0.6475000000000001	
iter	4020	0.7097625937312841	0.7587500000000003	0.9389335038140416	0.6487499999999998	
iter	4030	0.6373409712687135	0.7799999999999999	1.0523531083017588	0.6137500000000001	
iter	4040	0.6169518139213324	0.7500000000000002	0.8972926372662187	0.6587500000000002	
iter	4050	0.6112356684170663	0.7775	0.9958657324314117	0.6275000000000002	
iter	4060	0.6024432796984911	0.7875000000000001	0.9783008191734552	0.6237499999999999	
iter	4070	0.6237715529277921	0.7975000000000002	1.0084961988031864	0.6325000000000002	
iter	4080	0.6203324222005904	0.7825	0.8494575908407569	0.6775000000000001	
iter	4090	0.6426532915793359	0.7687500000000002	0.9413965307176113	0.6375	
iter	4100	0.6698899753391743	0.7450000000000001	0.9415425192564726	0.6462500000000002	
iter	4110	0.7027858416549861	0.7400000000000002	1.0532902050763369	0.6012500000000002	
iter	4120	0.6142540071159601	0.76375	0.9613503310829401	0.6150000000000001	
iter	4130	0.6613432029262185	0.7487500000000001	1.0662604067474604	0.5962500000000001	
iter	4140	0.7569381035864353	0.7125000000000001	0.9261630857363343	0.6425000000000001	
iter	4150	0.5706006977707148	0.7987500000000002	0.9582565147429705	0.6287500000000001	
iter	4160	0.7168001774698496	0.7412500000000002	0.9442232474684715	0.6475	
iter	4170	0.6576712504029274	0.7525000000000002	0.9392711324617267	0.6575000000000001	
iter	4180	0.5886354479007423	0.79	0.8968771453946829	0.67	
iter	4190	0.5444188807159662	0.8162500000000001	0.8997712070122361	0.6412500000000001	
iter	4200	0.6018162481486797	0.7837500000000003	0.8524718517437577	0.6875000000000001	
iter	4210	0.640880445484072	0.7675	0.9228198882192373	0.6525000000000001	
iter	4220	0.6439799966756254	0.7525000000000001	1.0513414647430182	0.6262499999999999	
iter	4230	0.6175285000354052	0.7925000000000002	0.9265984278172255	0.63875	
iter	4240	0.6357690128497779	0.7662500000000002	0.9514019284397364	0.63125	
iter	4250	0.7071063392795622	0.7437500000000001	1.0575847420841455	0.615	
iter	4260	0.618482081219554	0.7699999999999999	0.9186311801895499	0.64	
iter	4270	0.6281525082886219	0.7775000000000003	0.9075034931302071	0.66375	
iter	4280	0.711176585406065	0.7412500000000001	1.0964246857911348	0.6100000000000001	
iter	4290	0.5888848109170794	0.7812500000000004	0.9702332643792033	0.6225	
iter	4300	0.6634706491604447	0.7637500000000002	0.9594521764665842	0.6375000000000001	
iter	4310	0.6912717996165156	0.7575000000000002	0.9629383021965623	0.6449999999999999	
iter	4320	0.7040506727062166	0.7575000000000001	1.004194937646389	0.6287499999999999	
iter	4330	0.6543190996162593	0.7900000000000003	0.9894715081900358	0.63125	
iter	4340	0.6587851392105222	0.7475000000000002	1.0522111114114523	0.6212500000000001	
iter	4350	0.6266064662486315	0.795	0.8931094855070114	0.6662500000000001	
iter	4360	0.5692523061297834	0.80875	1.004772792570293	0.6149999999999999	
iter	4370	0.6572277904488146	0.7812500000000004	1.0224208878353238	0.6175	
iter	4380	0.6803746093064547	0.7500000000000002	0.9205014603212476	0.64375	
iter	4390	0.6181920655071735	0.7900000000000003	0.8884767601266503	0.65375	
iter	4400	0.6143474355340004	0.7837500000000002	0.9183437172323465	0.6725	
iter	4410	0.6206953022629023	0.7712500000000003	0.9838027898222208	0.6475000000000001	
iter	4420	0.7413825336843729	0.7312500000000002	0.9942950392141938	0.6362500000000002	
iter	4430	0.6966952700167894	0.7587500000000001	0.9232167061418295	0.63	
iter	4440	0.6176734147593379	0.7812500000000001	0.96366305090487	0.62625	
iter	4450	0.629974571056664	0.7775000000000002	1.000900606624782	0.6137500000000001	
iter	4460	0.7297010566107929	0.7562500000000002	1.0262547452002764	0.62125	
iter	4470	0.6278857616707683	0.8075000000000001	0.9206469980999827	0.6675	
iter	4480	0.7263109385967255	0.7375000000000003	1.0408033691346645	0.595	
iter	4490	0.6434714854694903	0.76875	1.0034902095794678	0.62625	
iter	4500	0.6230416670441628	0.7900000000000004	0.9890792742371559	0.6500000000000001	
iter	4510	0.5874507818371058	0.7812500000000001	1.0494727436453104	0.6000000000000001	
iter	4520	0.649466585367918	0.7712500000000002	0.9722636518999934	0.6050000000000001	
iter	4530	0.6655532233417034	0.7787500000000003	1.0139729101210833	0.6025	
iter	4540	0.589387936051935	0.7900000000000001	0.9195409826934338	0.6612500000000002	
iter	4550	0.6347442925907671	0.7800000000000001	0.946690745651722	0.645	
iter	4560	0.6281671449542046	0.7899999999999999	1.0016049183905125	0.6100000000000001	
iter	4570	0.6628036610782146	0.7525000000000002	0.9919880786910653	0.6062500000000001	
iter	4580	0.6868433593772352	0.7587500000000003	1.059252331033349	0.59625	
iter	4590	0.7047311114147305	0.7575	0.8525392320007086	0.6787500000000002	
iter	4600	0.6470208917744458	0.7737500000000002	0.9815789181739092	0.63375	
iter	4610	0.6166382525116205	0.7675000000000001	0.9166730083525181	0.65375	
iter	4620	0.6110120685771108	0.7825000000000002	0.9639145424589515	0.6425000000000002	
iter	4630	0.6215604129247367	0.7787500000000004	0.8975184680894017	0.67125	
iter	4640	0.6663219314068556	0.7650000000000002	1.013439143076539	0.6337499999999999	
iter	4650	0.715432757511735	0.7325000000000002	0.9548453027382493	0.65625	
iter	4660	0.6707298355177045	0.7662500000000002	0.8829959165304899	0.66625	
iter	4670	0.6480762446299195	0.7825000000000003	1.0146943014115095	0.6212500000000002	
iter	4680	0.6617698017507792	0.7800000000000002	1.0285128131508827	0.61875	
iter	4690	0.7381677869707346	0.7450000000000003	0.9488981049507856	0.6562499999999999	
iter	4700	0.6583002656698227	0.79125	0.9997542463243008	0.6087500000000001	
iter	4710	0.5392684042453766	0.8112500000000001	1.0836173733696342	0.58875	
iter	4720	0.7182167554274201	0.7550000000000003	1.1335521843284369	0.57125	
iter	4730	0.6077602133154869	0.7912500000000001	1.005770018324256	0.6200000000000001	
iter	4740	0.6683818306773901	0.7537499999999999	0.957967764697969	0.64	
iter	4750	0.6661309264600277	0.7850000000000001	0.841338268481195	0.6737500000000001	
iter	4760	0.627793125808239	0.7887500000000002	1.0261546801775694	0.6262500000000001	
iter	4770	0.6744281062856317	0.75375	0.9474523831158876	0.63875	
iter	4780	0.6336863907054067	0.8025000000000002	1.059084516018629	0.6100000000000001	
iter	4790	0.5857306187972426	0.8100000000000004	0.8911924939602613	0.6675000000000001	
iter	4800	0.5802845722064376	0.7987500000000003	1.053553782403469	0.61	
iter	4810	0.689022297039628	0.7662500000000001	0.990029557608068	0.6325000000000001	
iter	4820	0.6159922238439322	0.7787500000000002	0.9665057035163045	0.65125	
iter	4830	0.6233319230377674	0.7975	0.9142300449311733	0.6812500000000001	
iter	4840	0.7895669350400567	0.7250000000000001	0.9620323125272989	0.6199999999999999	
iter	4850	0.6788079598918557	0.7587500000000003	1.0450403364375234	0.6112500000000003	
iter	4860	0.5710612260736525	0.80125	0.9827405288815498	0.6162500000000002	
iter	4870	0.6196259115822613	0.7775000000000003	0.8938435455784202	0.6587500000000001	
iter	4880	0.5807991567999125	0.79375	0.9733858276158571	0.6500000000000001	
iter	4890	0.6664232332259417	0.765	0.9613473219797015	0.6249999999999999	
iter	4900	0.6765312305651605	0.7575000000000002	0.9631124045699835	0.6412500000000001	
iter	4910	0.6408304269425571	0.8012500000000001	0.9620857276022434	0.6287500000000003	
iter	4920	0.6359649868682027	0.7787499999999999	1.0140746841207147	0.6375000000000001	
iter	4930	0.7015851335600019	0.7625000000000001	0.9646478164941072	0.625	
iter	4940	0.5917776990681887	0.7837500000000001	0.9780677575618029	0.62375	
iter	4950	0.6104459306225181	0.7987500000000004	0.971176590770483	0.64	
iter	4960	0.6852189153432846	0.7575000000000002	0.926567679271102	0.655	
iter	4970	0.6388499685563147	0.7837500000000002	0.944838747382164	0.6462500000000002	
iter	4980	0.6252409033477306	0.7787499999999998	0.9729982940480113	0.6375	
iter	4990	0.6160636721178889	0.7750000000000001	0.9550118874758482	0.6475000000000001	
iter	5000	0.6350857615470886	0.7887500000000002	0.9717448689043522	0.64	
iter	5010	0.6236153854988515	0.78875	1.000856370665133	0.62625	
iter	5020	0.6054867459461093	0.79125	1.0060974638909101	0.6350000000000001	
iter	5030	0.5996943060308695	0.7700000000000001	0.9284191410988569	0.6399999999999999	
iter	5040	0.535466946894303	0.81	0.8905155109241605	0.6825000000000002	
iter	5050	0.5627172137610614	0.7987500000000001	1.0573600344359875	0.605	
iter	5060	0.59757733438164	0.8037500000000002	1.0110199023038149	0.635	
iter	5070	0.6113506909459829	0.8	0.9207594068720937	0.6574999999999998	
iter	5080	0.5844421060755849	0.8037500000000004	0.9756403416395187	0.6337499999999999	
iter	5090	0.6999774118885398	0.7462500000000002	0.9147742101922631	0.6712500000000001	
iter	5100	0.6529733305796981	0.7737500000000002	0.949275960214436	0.6400000000000001	
iter	5110	0.6548481304198503	0.7737500000000004	0.9935485664755106	0.62625	
iter	5120	0.6519142524339259	0.7812500000000001	1.0424111522734165	0.60375	
iter	5130	0.6651250617578626	0.7637500000000002	1.0563999395817518	0.6050000000000002	
iter	5140	0.6214756639674306	0.8112500000000002	0.9068796103820205	0.65	
iter	5150	0.6161168380640447	0.7800000000000001	1.0199927622452378	0.6450000000000001	
iter	5160	0.6677441010251641	0.7600000000000001	1.001077976077795	0.6112500000000001	
iter	5170	0.733340984210372	0.7250000000000002	0.9540243176743388	0.6337499999999999	
iter	5180	0.5988951814360917	0.805	0.9630310889333487	0.6425000000000002	
iter	5190	0.6586147947236896	0.7725000000000002	1.0082208253443241	0.625	
iter	5200	0.5525464406237006	0.8075000000000003	0.940376746468246	0.66125	
iter	5210	0.6130628036335111	0.7837500000000001	1.070879453793168	0.6075	
iter	5220	0.6234952970407903	0.7737499999999999	1.0187341254204512	0.63625	
iter	5230	0.6947037354111671	0.7462500000000001	0.9514406360685825	0.6450000000000001	
iter	5240	0.6102537428960204	0.7762500000000001	1.020890275016427	0.6175000000000002	
iter	5250	0.6242477251216769	0.7962500000000001	0.9403331866487861	0.66625	
iter	5260	0.6460827039554715	0.76375	1.0360466176643968	0.5912500000000002	
iter	5270	0.6431184038519859	0.7712500000000001	0.9694254733622074	0.6437499999999999	
iter	5280	0.6126409019343555	0.7775000000000001	0.9614180736243725	0.6337500000000001	
iter	5290	0.5889677791856229	0.8025000000000002	0.9316549804061651	0.6449999999999999	
iter	5300	0.5184159786440432	0.8275000000000005	0.9030673559755087	0.6687500000000003	
iter	5310	0.5805199653841555	0.7987500000000003	0.9453932177275419	0.64625	
iter	5320	0.6128613709006459	0.7912500000000001	0.9942695023491979	0.62375	
iter	5330	0.616034694481641	0.7812500000000002	0.8629093430936337	0.67	
iter	5340	0.5165921384468675	0.8237500000000001	1.0306520350277424	0.6187500000000001	
iter	5350	0.6561297457665205	0.7637499999999999	0.9059383943676949	0.6625	
iter	5360	0.7138215955346823	0.7512500000000001	0.9855609983205795	0.6274999999999998	
iter	5370	0.5550349093973637	0.8012500000000002	0.8969455808401108	0.6437500000000002	
iter	5380	0.6663728356361389	0.7662500000000001	0.9526337496936321	0.64375	
iter	5390	0.6271919151768088	0.7700000000000001	0.9218104518949986	0.655	
iter	5400	0.6456809192895889	0.7725000000000001	0.9284481341019273	0.6724999999999999	
iter	5410	0.5624538538977504	0.8062500000000002	1.0373800778761506	0.6137500000000001	
iter	5420	0.69199976650998	0.7500000000000002	0.9643283933401108	0.6525000000000001	
iter	5430	0.5571774747222662	0.8150000000000002	1.0150642786175013	0.6424999999999998	
iter	5440	0.6221255091950297	0.7775000000000001	0.9785171868279576	0.6150000000000001	
iter	5450	0.5934996190480888	0.7900000000000003	0.9864559145644307	0.6300000000000002	
iter	5460	0.7012723917141557	0.7587500000000001	1.0274025332182646	0.595	
iter	5470	0.5686183674260974	0.7924999999999999	1.0082897543907166	0.6187500000000001	
iter	5480	0.540974406991154	0.8300000000000002	0.9807842997834086	0.6362499999999999	
iter	5490	0.5999344028532505	0.7925000000000002	1.052966795861721	0.6087500000000002	
iter	5500	0.5745172058232129	0.8275	0.8611765867099166	0.7074999999999999	
iter	5510	0.5617085793055594	0.8212500000000001	0.9495099736377597	0.6450000000000001	
iter	5520	0.7152113234624267	0.7537499999999999	0.9232945069670677	0.64875	
iter	5530	0.572491867467761	0.7925000000000001	0.9652534574270248	0.6512500000000001	
iter	5540	0.6028925431892276	0.7925	0.9669150225818157	0.6325000000000002	
iter	5550	0.6101573817431927	0.7925000000000002	0.9100202089175582	0.6525000000000001	
iter	5560	0.612272659316659	0.7812500000000001	0.8893407583236694	0.665	
iter	5570	0.6062740832567215	0.8025000000000001	0.8926088567823172	0.65375	
iter	5580	0.5838536624796689	0.8150000000000002	0.9699724726378918	0.65625	
iter	5590	0.7026608120650053	0.7525000000000002	0.9670684076845646	0.6287499999999998	
iter	5600	0.6241726651787758	0.7812500000000001	0.9501139223575592	0.65375	
iter	5610	0.5925303883850574	0.7849999999999999	0.9639452379196882	0.6124999999999999	
iter	5620	0.568250191397965	0.79625	1.0704701524227858	0.6000000000000001	
iter	5630	0.645942522212863	0.7750000000000001	0.9725305326282978	0.6312499999999999	
iter	5640	0.6087714210152626	0.7912500000000003	1.006985867395997	0.6212500000000001	
iter	5650	0.6662980769760907	0.765	0.9615480210632086	0.6375	
iter	5660	0.6065300302579999	0.7725000000000002	0.942529734224081	0.6462500000000002	
iter	5670	0.57902079122141	0.7850000000000003	0.9516681674867868	0.6462500000000002	
iter	5680	0.5797733599320054	0.7862500000000001	0.9408585429191589	0.665	
iter	5690	0.5803511044941843	0.79375	0.9966566702350974	0.6125	
iter	5700	0.6516532832756639	0.7825000000000002	0.9234990794211626	0.6512499999999999	
iter	5710	0.6210970976389945	0.7837500000000002	0.9360707039013505	0.6725	
iter	5720	0.6292086048051715	0.7662500000000001	0.9527647579088807	0.6375	
iter	5730	0.6178874932229519	0.7775000000000001	0.9968057982623577	0.63625	
iter	5740	0.7062641829252243	0.73875	0.9757454032078385	0.6300000000000001	
iter	5750	0.6201755376532674	0.7687500000000002	0.889391178265214	0.6712500000000001	
iter	5760	0.692464945372194	0.7387500000000001	1.03457304649055	0.5950000000000001	
iter	5770	0.5786079987883568	0.8062500000000002	0.8882468976080418	0.67	
iter	5780	0.6062893788330257	0.7712500000000001	0.8980555590242147	0.6500000000000001	
iter	5790	0.6983562628738582	0.7550000000000001	0.9089682064950466	0.675	
iter	5800	0.5533643299713731	0.8200000000000001	1.032387277111411	0.60625	
iter	5810	0.6240224074572325	0.7837500000000001	1.0179614191874862	0.6112500000000001	
iter	5820	0.6169321537017822	0.77625	0.9885634910315275	0.6325	
iter	5830	0.5888404855504632	0.7825000000000002	1.0576008642092347	0.6075	
iter	5840	0.6583512066863477	0.79	0.8917604200541973	0.6625	
iter	5850	0.5486119561828673	0.7962500000000002	0.9573021084070206	0.64125	
iter	5860	0.5609433809295297	0.7987500000000002	0.9474723292514682	0.6275000000000002	
iter	5870	0.5682916501536965	0.8162500000000003	0.893642958253622	0.6625000000000001	
iter	5880	0.5981488260440528	0.7875	0.8832863876596093	0.6725	
iter	5890	0.5869610356166959	0.7675	0.9605057947337627	0.64375	
iter	5900	0.6172685092315078	0.7850000000000001	0.9752372810617089	0.6375	
iter	5910	0.5683273961767554	0.7875000000000001	1.0891962312161922	0.6000000000000001	
iter	5920	0.6013670675456524	0.7825000000000003	0.9221806470304728	0.6512499999999998	
iter	5930	0.6485536368563771	0.7700000000000001	0.960160618647933	0.6250000000000001	
iter	5940	0.4962970186024904	0.8437500000000003	0.8930333303287625	0.6587500000000002	
iter	5950	0.5664640546310693	0.80375	1.0379013093188405	0.6112500000000001	
iter	5960	0.5472382591105998	0.8037500000000001	0.9906235812231898	0.6325000000000001	
iter	5970	0.5821336023509502	0.7850000000000001	0.8957180120050907	0.64625	
iter	5980	0.6799902012571692	0.7675000000000003	0.9255913570523262	0.65125	
iter	5990	0.6492424430325627	0.7812500000000004	1.0200304398313165	0.6025	
iter	6000	0.6130895419046283	0.7812500000000001	0.9492231062613428	0.6375	
iter	6010	0.6580413030460477	0.7512500000000001	0.9906805334612727	0.6250000000000001	
iter	6020	0.5860414020717144	0.7750000000000001	0.9311351720243692	0.6624999999999999	
iter	6030	0.5648628524504602	0.8112500000000001	0.9839382199570537	0.6287500000000003	
iter	6040	0.6309133982285857	0.76625	0.9561273772269487	0.6362500000000001	
iter	6050	0.5691753486171365	0.79	0.9014454763382673	0.6700000000000002	
iter	6060	0.6236998517997563	0.7862500000000001	0.9077173722907901	0.65875	
iter	6070	0.6110999332740903	0.7787500000000002	0.8866715934127569	0.6837500000000001	
iter	6080	0.520419092848897	0.8150000000000002	0.8921652967110276	0.6575000000000001	
iter	6090	0.6151907059829682	0.7850000000000004	0.9665274005383253	0.6475	
iter	6100	0.6584198735654354	0.77	1.0644600130617619	0.60625	
iter	6110	0.6160066211596131	0.7787500000000002	1.0054982248693705	0.625	
iter	6120	0.5444937250576913	0.8075000000000001	0.9442916661500931	0.6337500000000001	
iter	6130	0.548514423891902	0.8112500000000005	0.9665827974677086	0.6375	
iter	6140	0.6811469160020351	0.7662500000000001	0.9943113336339593	0.6400000000000001	
iter	6150	0.5165976849384606	0.8175000000000002	0.9902604520320892	0.62625	
iter	6160	0.6052688439376652	0.7737499999999999	0.9454024974256754	0.6399999999999999	
iter	6170	0.549017146229744	0.7937500000000002	1.0011723712086678	0.6425	
iter	6180	0.5772389192134142	0.7987500000000002	0.9660754390060902	0.5874999999999999	
iter	6190	0.613438330590725	0.8012500000000004	0.8577810013666749	0.6937500000000001	
iter	6200	0.5218892758712173	0.8262500000000002	1.059911772608757	0.6125	
iter	6210	0.607766785658896	0.76875	0.8657446801662445	0.6550000000000001	
iter	6220	0.624868968501687	0.7712500000000003	0.9686264134943485	0.6325000000000002	
iter	6230	0.6819741930812597	0.7637500000000004	0.9913503853604198	0.6237500000000001	
iter	6240	0.619209230877459	0.7725000000000004	0.9247125200927258	0.6562499999999999	
iter	6250	0.5957411304116249	0.7800000000000001	0.9385220846161246	0.6325	
iter	6260	0.6342826406471431	0.775	0.9361661812290549	0.63375	
iter	6270	0.5905830287374556	0.7950000000000002	0.8497041566297412	0.7037500000000001	
iter	6280	0.7051424444653094	0.7437500000000002	0.9985129265114665	0.645	
iter	6290	0.6519826063886285	0.7687500000000003	0.9570219181478024	0.6512500000000001	
iter	6300	0.6698419083841145	0.7649999999999999	0.9861090630292892	0.6362500000000002	
iter	6310	0.5549723468720913	0.8075000000000002	0.875055487267673	0.6775000000000002	
iter	6320	0.5620184899307787	0.8125	0.9401097493246198	0.655	
iter	6330	0.5966176842339337	0.7862500000000002	1.1192118786275387	0.5650000000000001	
iter	6340	0.6006826004013419	0.8150000000000002	1.091653324663639	0.59125	
iter	6350	0.6344821192324162	0.7687500000000002	1.0532817747443914	0.6050000000000001	
iter	6360	0.6186220105737448	0.7862500000000002	0.9584830496460199	0.63125	
iter	6370	0.55329918442294	0.7924999999999998	0.9543850384652615	0.6462500000000001	
iter	6380	0.6297238972038031	0.79375	0.933925005607307	0.6362500000000001	
iter	6390	0.6707611763849854	0.7637500000000003	0.9004664849489927	0.6700000000000004	
iter	6400	0.5509628970175982	0.7975000000000003	0.8970341263338923	0.67375	
iter	6410	0.645745299756527	0.7825000000000001	0.9113954631611705	0.6612500000000001	
iter	6420	0.5281716920435429	0.8150000000000002	0.8642657157033682	0.6775	
iter	6430	0.5787586569786072	0.7750000000000001	1.0216492842882872	0.6125	
iter	6440	0.5698011182248592	0.8087500000000004	0.9564613094553351	0.6412499999999999	
iter	6450	0.6281069777905941	0.7812500000000001	0.9203075496479869	0.6587500000000001	
iter	6460	0.5757294800132513	0.80375	0.992146466858685	0.625	
iter	6470	0.601433465257287	0.7725000000000001	1.0308562368154526	0.6212500000000001	
iter	6480	0.5980599783360958	0.7900000000000004	0.9930224791169167	0.6175	
iter	6490	0.5852217669598758	0.7900000000000001	1.0367322228848934	0.6275000000000001	
iter	6500	0.5336638521403074	0.7987500000000004	0.8824058268219233	0.6975000000000001	
iter	6510	0.6410137270577252	0.7800000000000001	1.0157960690557957	0.6162500000000001	
iter	6520	0.6300626611337066	0.7650000000000001	1.0188309736549854	0.62	
iter	6530	0.55742526659742	0.79875	0.9726107083261013	0.6475000000000002	
iter	6540	0.5567797860130668	0.7937500000000002	0.853515699505806	0.6862500000000001	
iter	6550	0.6601165235042572	0.7837500000000002	1.0324386190623045	0.60875	
iter	6560	0.5320126228034496	0.8200000000000002	0.9662438798695803	0.6412500000000001	
iter	6570	0.5658314973115921	0.7975000000000001	1.012400034815073	0.6275	
iter	6580	0.6365688405930996	0.7725000000000002	1.0194202894344926	0.6325000000000001	
iter	6590	0.5996506046503782	0.7925000000000001	0.9406289076432586	0.6400000000000001	
iter	6600	0.5913404300808907	0.79125	0.9273867318406701	0.6387500000000002	
iter	6610	0.5809845020994544	0.8012500000000002	1.0052812546491623	0.62625	
iter	6620	0.5304727335460484	0.8187500000000001	0.9048766763880849	0.6687500000000002	
iter	6630	0.6914517390541732	0.76625	0.9958440884947777	0.6199999999999999	
iter	6640	0.6757068717852235	0.7625000000000003	0.9777977894991636	0.62625	
iter	6650	0.6137215048074722	0.7725000000000001	0.9038518546149135	0.6600000000000001	
iter	6660	0.5386361079290509	0.80375	0.9093277240172029	0.6462500000000001	
iter	6670	0.5731408637948334	0.7950000000000002	0.9468898363411427	0.6437499999999999	
iter	6680	0.6682251561433077	0.7625000000000004	1.0192668065428734	0.6074999999999999	
iter	6690	0.5704712541773915	0.7925000000000001	0.9884256077930331	0.6287500000000001	
iter	6700	0.66306092729792	0.7750000000000001	0.9731931500136852	0.64375	
iter	6710	0.521703730802983	0.8175000000000001	0.927123093046248	0.67375	
iter	6720	0.5880723656155169	0.8000000000000002	0.9621284361928701	0.6325	
iter	6730	0.6374664502218366	0.7887500000000002	0.9144371682778001	0.6625000000000001	
iter	6740	0.633400990627706	0.7687500000000002	0.9950561197474599	0.61375	
iter	6750	0.6527367797680199	0.7725000000000002	0.98323495965451	0.6425000000000001	
iter	6760	0.5916381729766726	0.7825000000000002	0.9502426031976938	0.6312500000000001	
iter	6770	0.616474480368197	0.7800000000000002	0.9156836913898587	0.665	
iter	6780	0.5673577268607914	0.8100000000000004	1.0361607493832707	0.6262500000000001	
iter	6790	0.5949376211501658	0.7950000000000003	1.0334418648853898	0.62125	
iter	6800	0.5584206953644753	0.7862499999999999	1.0031172707676888	0.6137499999999997	
iter	6810	0.6304346257820725	0.7799999999999999	0.9648491740226746	0.6375000000000001	
iter	6820	0.5481677376665175	0.7925000000000002	0.9636517716571689	0.62875	
iter	6830	0.6229057558812201	0.7825000000000001	1.0461107296869159	0.60375	
iter	6840	0.5446421862579882	0.8125000000000002	1.0418157372623682	0.59375	
iter	6850	0.6359536154195666	0.75875	1.0127018857747316	0.625	
iter	6860	0.5987739791162312	0.7975	0.9849220719188452	0.6262500000000001	
iter	6870	0.6000609947368503	0.7862500000000002	0.9036704851314425	0.67375	
iter	6880	0.6653491612523794	0.7700000000000004	0.9827193934470415	0.6487499999999999	
iter	6890	0.5835627764463425	0.7812500000000004	0.9307267144322395	0.6525000000000002	
iter	6900	0.6527272197417915	0.75375	0.8710716720670462	0.6650000000000001	
iter	6910	0.6832627337425947	0.7725	1.082113154232502	0.5875	
iter	6920	0.6222773720510304	0.7962500000000001	0.9056710172444582	0.6575000000000001	
iter	6930	0.6513236011378467	0.78125	0.9234047532081604	0.6387499999999999	
iter	6940	0.5759976003319025	0.8000000000000004	0.9249444920569658	0.6487500000000004	
iter	6950	0.5931555735878646	0.7937500000000002	0.9961873143911362	0.6212499999999999	
iter	6960	0.5649534449912608	0.8	1.121102461591363	0.585	
iter	6970	0.6464912057854235	0.7850000000000005	0.989773522131145	0.62625	
iter	6980	0.5526329204440117	0.8212500000000004	0.943224148824811	0.63	
iter	6990	0.504045601002872	0.8225000000000002	1.0952917281538248	0.5650000000000002	
iter	7000	0.5634946003556252	0.8075	0.9909817660227418	0.6250000000000002	
iter	7010	0.6226980835199356	0.78625	1.044781981036067	0.6224999999999999	
iter	7020	0.6235056919977069	0.7900000000000001	0.9786686301231384	0.64125	
iter	7030	0.5946890627965331	0.7937500000000001	1.067375191487372	0.6212500000000001	
iter	7040	0.63158940942958	0.77375	1.0172660984098911	0.6212500000000002	
iter	7050	0.5406424845568836	0.8150000000000002	0.9497148804366589	0.6487499999999999	
iter	7060	0.6218077559024096	0.7662500000000002	1.039634045213461	0.6062500000000002	
iter	7070	0.5803234907798469	0.7975000000000003	1.041142351925373	0.6000000000000001	
iter	7080	0.6183871845714748	0.7950000000000002	0.9371767807751894	0.6562500000000001	
iter	7090	0.5949560757726431	0.7850000000000001	1.036935655400157	0.6325000000000001	
iter	7100	0.5720522687770426	0.8062500000000004	0.9785623839125037	0.6200000000000001	
iter	7110	0.6123479017987847	0.7862500000000002	0.9640335943549871	0.6425000000000001	
iter	7120	0.6811234131455421	0.7700000000000002	1.0150668872520328	0.62	
iter	7130	0.5138860754668713	0.8337500000000001	1.0136911077424884	0.63625	
iter	7140	0.6713892330881208	0.7650000000000002	0.9210602696985006	0.63625	
iter	7150	0.5896338731981814	0.78875	0.9402468055486679	0.6449999999999999	
iter	7160	0.5943878572434187	0.7725	0.9215535875409842	0.6625000000000001	
iter	7170	0.6377488016150892	0.7925000000000003	0.9892853135243058	0.61875	
iter	7180	0.618235400877893	0.7887500000000002	0.8760176785290241	0.6675	
iter	7190	0.6174541199579835	0.7775000000000001	0.9287170516327024	0.67125	
iter	7200	0.4332317211665213	0.8587500000000002	0.9449059129692614	0.6550000000000002	
iter	7210	0.618239751085639	0.7850000000000001	0.9752349220216274	0.6362499999999999	
iter	7220	0.5786854578182101	0.8012500000000001	0.9985175002366304	0.63625	
iter	7230	0.632547709159553	0.7587500000000003	0.9657361079007387	0.63875	
iter	7240	0.6381527595221996	0.7662500000000001	0.8963679987937212	0.6649999999999999	
iter	7250	0.5628674258477986	0.8162500000000004	0.9848501719534397	0.6275	
iter	7260	0.5425538243725896	0.8187500000000002	1.0659898277372122	0.6	
iter	7270	0.6046820394694805	0.78125	1.0257517118006945	0.6025000000000001	
iter	7280	0.5752663370221853	0.7950000000000003	1.0099273603409529	0.6325000000000001	
iter	7290	0.5511927981860936	0.8137500000000004	0.8777653379365802	0.6775	
iter	7300	0.6203646995127201	0.7850000000000003	1.052080349996686	0.6137500000000004	
iter	7310	0.5582430781796575	0.7887500000000003	0.9685285417363048	0.64625	
iter	7320	0.5892102625221014	0.8037500000000001	0.9066305104643106	0.6387500000000003	
iter	7330	0.48721236269921064	0.8300000000000001	0.9782378533855081	0.64125	
iter	7340	0.5878293076530099	0.79625	0.9464957527816296	0.6587500000000001	
iter	7350	0.6116460356861353	0.7750000000000002	0.9537119586020708	0.6275000000000002	
iter	7360	0.5393084683455527	0.8037500000000001	0.9240081701427698	0.6412500000000002	
iter	7370	0.586710449308157	0.8037500000000002	0.9819467877969146	0.6487500000000002	
iter	7380	0.5979790342971683	0.80125	0.9097258895635605	0.6612500000000001	
iter	7390	0.5254132328554988	0.8037500000000002	1.021529197692871	0.61125	
iter	7400	0.6389992218464613	0.7862500000000002	0.8642680775374174	0.6737500000000001	
iter	7410	0.5564308683387935	0.785	0.9415891468524933	0.64875	
iter	7420	0.610109431669116	0.7750000000000001	1.0162157444283366	0.6212500000000001	
iter	7430	0.6090996181592345	0.7912500000000002	0.8910955768078566	0.6575000000000001	
iter	7440	0.5657314755953848	0.8150000000000001	1.007152734324336	0.62	
iter	7450	0.6282455762848258	0.7875000000000002	1.0072961328551173	0.6312500000000001	
iter	7460	0.570180332288146	0.805	0.952326713129878	0.6725000000000001	
iter	7470	0.5770984874106944	0.7775000000000002	0.9349129758775234	0.6512500000000001	
iter	7480	0.528395161498338	0.8175000000000003	0.9232970299199224	0.6737500000000002	
iter	7490	0.5647252798080444	0.8087500000000001	0.891736164689064	0.6425000000000001	
iter	7500	0.6769550731405616	0.7687500000000003	0.9320768276229501	0.6575	
iter	7510	0.6536216768436134	0.7712500000000001	0.9054360231384635	0.6512500000000002	
iter	7520	0.6076202318072319	0.7862500000000002	0.9950078781694174	0.625	
iter	7530	0.519054148811847	0.8212500000000003	0.9627918675541878	0.64	
iter	7540	0.6499098716303706	0.77125	1.0743996789678931	0.59875	
iter	7550	0.57202541641891	0.7950000000000002	0.9743263116106391	0.6425	
iter	7560	0.5995403155684471	0.7937500000000002	1.0014107283204794	0.6225000000000003	
iter	7570	0.6511683575809002	0.75625	0.9548038700595498	0.6512500000000002	
iter	7580	0.6012952071614563	0.8000000000000002	1.0017519034445286	0.6150000000000001	
iter	7590	0.5949911405332386	0.8062500000000001	0.9790356811136007	0.6412500000000001	
iter	7600	0.648239032831043	0.7825000000000002	0.999646632000804	0.6250000000000001	
iter	7610	0.5406580059789121	0.8200000000000002	0.9151034718379378	0.66125	
iter	7620	0.5848510437645018	0.7987500000000002	0.9251824831590056	0.6450000000000001	
iter	7630	0.5745141319930553	0.80125	1.0648797415196896	0.6174999999999999	
iter	7640	0.5911208526231349	0.7962500000000002	1.0451148990541697	0.59375	
iter	7650	0.6372174741700292	0.77125	0.8677377309650183	0.6787500000000001	
iter	7660	0.5638236664235592	0.7925000000000001	1.0440607219934464	0.6262500000000001	
iter	7670	0.5516902524977922	0.8075000000000001	1.0028119292110205	0.6150000000000001	
iter	7680	0.6179978894069791	0.7875000000000001	0.9341587238013744	0.6399999999999999	
iter	7690	0.527400640770793	0.8112500000000001	0.9715805286541581	0.6325	
iter	7700	0.597811495885253	0.8025000000000002	0.921204780228436	0.64375	
iter	7710	0.5668725967407227	0.8087500000000001	1.0156909078359604	0.6250000000000001	
iter	7720	0.5842559495940804	0.7900000000000004	1.0232821190729737	0.63375	
iter	7730	0.6221267161890864	0.7950000000000002	1.0369129423052073	0.6162500000000001	
iter	7740	0.6001541884616017	0.7775000000000001	1.0780827831476927	0.6025000000000001	
iter	7750	0.5626004845835268	0.8012500000000001	1.0615660157054663	0.58375	
iter	7760	0.5569969862699509	0.7975000000000002	1.0437040012329817	0.615	
iter	7770	0.513491224963218	0.8150000000000003	0.9979682732373476	0.6212500000000001	
iter	7780	0.5557717005722225	0.8075000000000003	0.9598390739411116	0.6312499999999999	
iter	7790	0.5717034949921072	0.7987500000000002	0.9403238166123629	0.6250000000000001	
iter	7800	0.595107855508104	0.7875000000000003	0.9264723481610417	0.6462499999999998	
iter	7810	0.6221897238865495	0.78375	1.0424911472946405	0.5974999999999999	
iter	7820	0.5558571880683303	0.8075000000000001	1.024039240553975	0.6224999999999999	
iter	7830	0.6506441310048103	0.7712500000000003	0.9964705007150769	0.6175	
iter	7840	0.5040993334259838	0.8162499999999999	0.9383294843137264	0.6550000000000001	
iter	7850	0.5768595868721604	0.8050000000000004	0.9254007805138826	0.6425000000000001	
iter	7860	0.6063049430958927	0.775	1.036013439297676	0.61375	
iter	7870	0.5830964632332325	0.8012500000000001	0.9254240998998284	0.655	
iter	7880	0.5340127367526293	0.8037500000000003	1.0204033432528377	0.6225	
iter	7890	0.5168131263926625	0.8112500000000005	0.9766617799177766	0.6475	
iter	7900	0.5863939980044961	0.8050000000000003	0.945429366081953	0.6587500000000002	
iter	7910	0.5792426448315382	0.7987500000000003	1.0220518205314875	0.6125	
iter	7920	0.5200876190792769	0.8162500000000004	1.025003083050251	0.6250000000000001	
iter	7930	0.5289265755563974	0.8125000000000002	0.9077612850815058	0.6499999999999999	
iter	7940	0.616303326562047	0.7937500000000001	0.9589400161057711	0.64	
iter	7950	0.6843665577471256	0.7650000000000001	0.937264091335237	0.6525000000000001	
iter	7960	0.6178755778819323	0.7962500000000002	0.9092219043523073	0.6687500000000002	
iter	7970	0.5963230412453413	0.7962500000000001	0.8941357098519802	0.6550000000000001	
iter	7980	0.6010432997718453	0.7950000000000002	0.9103368548676372	0.65875	
iter	7990	0.5729361614212394	0.7750000000000001	0.9945970699191093	0.6237499999999999	
iter	8000	0.5321249892003834	0.8175	0.9847821705043316	0.6262500000000001	
iter	8010	0.5387081825174391	0.8312500000000003	0.9556524362415075	0.64625	
iter	8020	0.6426259889267385	0.7900000000000004	0.9588658344000578	0.63125	
iter	8030	0.5629164748825133	0.8012500000000004	0.9665005840361118	0.6337500000000001	
iter	8040	0.6450737654231489	0.7675000000000001	0.9702565334737301	0.645	
iter	8050	0.5415236582048237	0.8212500000000001	1.0027197729796171	0.6175000000000002	
iter	8060	0.57386194774881	0.7987500000000002	0.948742856271565	0.6487499999999999	
iter	8070	0.64482497330755	0.7750000000000002	0.9680348439142108	0.6387500000000004	
iter	8080	0.6079439213499427	0.785	1.0070595312863588	0.6125	
iter	8090	0.5318251182325184	0.8100000000000002	0.9286638237535954	0.645	
iter	8100	0.6578443208709359	0.7662500000000004	0.958056228235364	0.6549999999999999	
iter	8110	0.6540462700650096	0.7737500000000002	1.0015204716473818	0.62625	
iter	8120	0.6684582643210888	0.7612500000000001	1.0089863203465939	0.6387500000000002	
iter	8130	0.6676517752930522	0.7575000000000002	0.9694511275738478	0.6587500000000002	
iter	8140	0.525456621311605	0.8275000000000001	0.9038995839655399	0.6625000000000001	
iter	8150	0.5858978144824505	0.7912500000000001	1.0655847042798996	0.6050000000000001	
iter	8160	0.5553196123801172	0.8025000000000001	1.0058018835261464	0.6162500000000001	
iter	8170	0.5520870774053037	0.8087500000000001	0.9831235324963927	0.6362500000000001	
iter	8180	0.5528616160154343	0.8175000000000002	1.0047020008787513	0.5987500000000001	
iter	8190	0.5947020496241748	0.7787500000000004	0.9167132126167417	0.6512500000000002	
iter	8200	0.6404919372871518	0.8062500000000002	0.896895669400692	0.6637500000000001	
iter	8210	0.5830137897282839	0.81125	0.8916419427841902	0.655	
iter	8220	0.4871844626031816	0.8412500000000003	0.9640145972371101	0.6425000000000001	
iter	8230	0.5320784715004265	0.8200000000000002	0.9482876025140285	0.64625	
iter	8240	0.5886564794927835	0.8012500000000001	1.0551343793049455	0.59625	
iter	8250	0.5719328843988478	0.8050000000000002	0.9098450690507889	0.6562499999999999	
iter	8260	0.5106842187233269	0.8225000000000001	1.059000512585044	0.6025000000000001	
iter	8270	0.5851222933270037	0.8087500000000003	0.958576531149447	0.62875	
iter	8280	0.6533927260898054	0.7787500000000002	0.982487621717155	0.6425000000000001	
iter	8290	0.5027014492079616	0.8212500000000001	0.92018938716501	0.6575000000000001	
iter	8300	0.6389493788592517	0.7850000000000001	1.0675006229430437	0.60125	
iter	8310	0.5472392686642706	0.8125	0.921455217525363	0.6512500000000001	
iter	8320	0.6218087924644351	0.7750000000000002	0.9483636794611812	0.6437500000000003	
iter	8330	0.6218349211849272	0.7862500000000003	0.8721465291455388	0.6862500000000001	
iter	8340	0.5501062264665961	0.8262500000000003	0.9227559342980385	0.6512500000000001	
iter	8350	0.6528665176592767	0.7725000000000001	0.9328355211764574	0.6537499999999999	
iter	8360	0.5220661680214107	0.8125000000000001	0.9582852106541395	0.6525000000000001	
iter	8370	0.5703330710530281	0.7912500000000002	0.9971830565482378	0.62	
iter	8380	0.5369810964912176	0.8037500000000002	0.8820541016757488	0.6700000000000002	
iter	8390	0.5404177098535001	0.8087500000000002	0.8712291270494461	0.6562500000000001	
iter	8400	0.5532254511490464	0.8162500000000001	1.0846303207799792	0.59125	
iter	8410	0.6026267129927874	0.7849999999999999	0.9451221041381359	0.6325000000000001	
iter	8420	0.5740861119702458	0.7962500000000001	0.9109419547021389	0.6600000000000001	
iter	8430	0.6392518049106002	0.7687499999999999	0.9094963800162077	0.66	
iter	8440	0.6972423493862152	0.7687499999999999	0.918018139898777	0.6624999999999996	
iter	8450	0.5501668732613325	0.81625	0.9475420080125332	0.6350000000000001	
iter	8460	0.6644761436618865	0.7737500000000003	0.9541687639430165	0.6425000000000001	
iter	8470	0.6601827149279416	0.7625	1.1306441389024258	0.59125	
iter	8480	0.6568636901210994	0.7975	0.9027862660586834	0.6400000000000002	
iter	8490	0.6199505422264338	0.7862500000000002	0.9939389862120152	0.6387500000000002	
iter	8500	0.5860417271032929	0.7775000000000002	0.9782563727349043	0.6275	
iter	8510	0.5772977769374847	0.7900000000000001	1.0425044149160385	0.6099999999999999	
iter	8520	0.5642870902083814	0.8037500000000001	1.0922612529248	0.5675000000000001	
iter	8530	0.5555642996914685	0.8125000000000001	0.9356944803148508	0.6687500000000001	
iter	8540	0.5442327987402678	0.8300000000000003	1.0076787462458014	0.6075	
iter	8550	0.5185827994719148	0.8362500000000003	0.9512098832055926	0.6600000000000001	
iter	8560	0.6578652388416231	0.7587500000000001	0.9176592705771327	0.6625	
iter	8570	0.6562190935947001	0.7912500000000001	0.9215402789413929	0.6662499999999999	
iter	8580	0.5471290955320001	0.8187500000000003	0.9280678983777761	0.6537500000000002	
iter	8590	0.60864387312904	0.8037500000000002	1.0105046927928925	0.6300000000000001	
iter	8600	0.6533334916457534	0.7762500000000001	1.0095106717199087	0.6162500000000001	
iter	8610	0.5826041209511459	0.8150000000000003	0.99548583291471	0.6312500000000001	
iter	8620	0.6470552594400942	0.7762499999999999	0.969519542530179	0.6162500000000002	
iter	8630	0.6927681863307953	0.7650000000000002	1.1328524872660637	0.5825000000000001	
iter	8640	0.5448903124779463	0.8200000000000002	0.8790888488292694	0.6725000000000001	
iter	8650	0.5177134955301881	0.8225000000000001	0.9427196737378836	0.64625	
iter	8660	0.5586999887600541	0.8112500000000001	0.9536047475412488	0.6475000000000001	
iter	8670	0.5455692168325186	0.81	0.9102288857102394	0.6437500000000003	
iter	8680	0.5476622791029513	0.8200000000000003	0.8654329823330045	0.6725000000000002	
iter	8690	0.5410489863716066	0.8112500000000005	0.9684899421408772	0.6387500000000002	
iter	8700	0.6212451597675681	0.7925000000000003	0.931362739764154	0.6462500000000001	
iter	8710	0.45654768496751785	0.8462500000000002	0.9449606351554394	0.6337499999999998	
iter	8720	0.5460661789402366	0.8125000000000001	0.9367864299565554	0.6375000000000001	
iter	8730	0.6737222210504115	0.7825000000000002	0.9630908761173487	0.62875	
iter	8740	0.5803797300904989	0.8162500000000001	0.9288984630256891	0.6437499999999999	
iter	8750	0.5377668244764209	0.8037500000000002	0.9340297030285001	0.6487499999999999	
iter	8760	0.5291294232010841	0.8212500000000004	0.8642697827890515	0.6800000000000003	
iter	8770	0.44596381206065416	0.8437500000000001	1.0399845046922565	0.615	
iter	8780	0.5695052514784038	0.8087500000000001	0.983099365606904	0.6425	
iter	8790	0.5243858858011663	0.8100000000000002	0.874913927167654	0.6687500000000001	
iter	8800	0.5209478111937642	0.8262500000000003	0.8642315426841378	0.685	
iter	8810	0.5930449231527746	0.7975000000000001	1.0117100942879915	0.6337500000000001	
iter	8820	0.5878989868797362	0.8025000000000001	0.9787582196295261	0.5975000000000001	
iter	8830	0.5763113740831614	0.7925000000000001	1.0532906139269471	0.6050000000000001	
iter	8840	0.5173777779564261	0.8150000000000003	0.9615303622558713	0.6425000000000001	
iter	8850	0.5848873620852828	0.7950000000000003	0.926569664850831	0.66	
iter	8860	0.5010349974036217	0.8237500000000001	0.9397163596004248	0.6574999999999999	
iter	8870	0.5870720488019288	0.79625	0.9818218890577555	0.6212500000000001	
iter	8880	0.5926346844062209	0.8000000000000003	1.0066563403233886	0.6387499999999999	
iter	8890	0.5259957574307919	0.8112500000000001	0.8028889670968056	0.7250000000000001	
iter	8900	0.5495425038971007	0.80375	1.008254474028945	0.6249999999999999	
iter	8910	0.5950866513885558	0.7887500000000001	0.8812653152272105	0.6962500000000003	
iter	8920	0.570517485961318	0.8062500000000001	1.0431261789053679	0.61875	
iter	8930	0.5531872534193099	0.8150000000000001	0.9342129919677973	0.6525000000000001	
iter	8940	0.4924263609573245	0.8337500000000001	0.9528056783601642	0.6400000000000001	
iter	8950	0.6403660853393376	0.7812500000000001	0.9416799936443567	0.6525000000000002	
iter	8960	0.6234264597296715	0.7850000000000003	0.9097772026434541	0.6350000000000002	
iter	8970	0.6400108255911618	0.7850000000000001	1.043779257684946	0.6299999999999999	
iter	8980	0.5299946935847402	0.8175000000000001	0.9535668846219778	0.6425000000000002	
iter	8990	0.591923133470118	0.7875000000000001	0.9624035311862826	0.64375	
iter	9000	0.556843401864171	0.8000000000000003	0.9109098725020885	0.6749999999999999	
iter	9010	0.6505345162004232	0.7787500000000002	0.968551192432642	0.645	
iter	9020	0.488978932145983	0.8325	0.9748058542609215	0.6475	
iter	9030	0.5693133701570332	0.7987500000000001	1.1121924361214042	0.605	
iter	9040	0.6374451918527484	0.7862500000000002	0.930635791271925	0.6650000000000001	
iter	9050	0.4983451273292303	0.8275	0.9892501514405012	0.6200000000000002	
iter	9060	0.6035749050788581	0.7825000000000002	0.9319982193410397	0.6600000000000001	
iter	9070	0.5237620184198022	0.8137500000000001	1.027301348745823	0.61	
iter	9080	0.5672137518413365	0.7937500000000003	1.0015615914016962	0.6300000000000001	
iter	9090	0.5455815242603421	0.80875	1.0079110842198133	0.6300000000000001	
iter	9100	0.49555906979367137	0.8225000000000002	0.976108018308878	0.6362500000000001	
iter	9110	0.5026543005369604	0.8387500000000001	0.9838871266692877	0.6325	
iter	9120	0.534529997035861	0.8137500000000001	1.002510692924261	0.60875	
iter	9130	0.5893223779276013	0.785	0.9389816075563431	0.67125	
iter	9140	0.6323184669017792	0.7875000000000002	0.9705784972757101	0.6325000000000001	
iter	9150	0.49485523463226855	0.8312500000000002	0.8966334201395512	0.66875	
iter	9160	0.5725429276935756	0.8112500000000001	0.969131225720048	0.62625	
iter	9170	0.6791521450504661	0.7625000000000002	0.9392091790214181	0.6412500000000001	
iter	9180	0.6253061005845666	0.7912500000000002	0.8581273313611746	0.66875	
iter	9190	0.4482779623940587	0.8512500000000001	1.019521743990481	0.6300000000000001	
iter	9200	0.5690664481371641	0.8125000000000002	0.9218437885865569	0.6462500000000001	
iter	9210	0.6215470125898719	0.7824999999999999	0.9403210515156388	0.6375000000000001	
iter	9220	0.5815713116899133	0.7975	0.9378358228132129	0.6562500000000001	
iter	9230	0.5080663617700338	0.8325000000000001	0.9155093068256974	0.6700000000000002	
iter	9240	0.5996681801043451	0.7987500000000003	0.8969934359192848	0.66625	
iter	9250	0.603979904204607	0.79	0.8177499184384942	0.69125	
iter	9260	0.6458312426693738	0.7700000000000002	0.941997884772718	0.6387499999999999	
iter	9270	0.5619154162704945	0.80625	0.980323551222682	0.6212500000000001	
iter	9280	0.6209838734939694	0.7862500000000001	0.9572736658155918	0.63	
iter	9290	0.6348617952316999	0.7850000000000001	0.9554748609662056	0.64375	
iter	9300	0.5357201155275106	0.8225	0.9483863972127438	0.6487500000000002	
iter	9310	0.545017363037914	0.795	0.9376740818843246	0.6325000000000002	
iter	9320	0.5515034198760986	0.8150000000000002	0.959044698625803	0.6337499999999999	
iter	9330	0.5953395790420473	0.795	1.0732038579881191	0.60125	
iter	9340	0.569937912048772	0.8025000000000005	0.9452311433851719	0.6200000000000001	
iter	9350	0.5550045501440763	0.8012500000000001	0.9996143933385611	0.6312500000000001	
iter	9360	0.5530291516333818	0.8037500000000001	0.9403591323643923	0.66	
iter	9370	0.517349855042994	0.8125000000000001	0.9152470789849758	0.6662500000000001	
iter	9380	0.660229223780334	0.7862500000000002	0.9069595178589225	0.6725	
iter	9390	0.5382112516090274	0.8187500000000002	1.0268823523074389	0.62	
iter	9400	0.5138721475377679	0.8337500000000002	0.9497924353927374	0.6550000000000001	
iter	9410	0.48552867118269205	0.8237500000000004	0.9763345401734114	0.6250000000000002	
iter	9420	0.6455973465926945	0.7750000000000001	0.9871985036879778	0.6425	
iter	9430	0.5866388780996203	0.7825000000000001	0.8216183707118034	0.6650000000000001	
iter	9440	0.6060841223224998	0.7812500000000001	0.9611007710918784	0.6275000000000002	
iter	9450	0.6592914494685829	0.7762500000000001	0.9946271283552051	0.6187499999999999	
iter	9460	0.6162736127153039	0.8025000000000001	1.0091873854398727	0.63125	
iter	9470	0.533573804423213	0.8200000000000004	0.9699362479150295	0.63125	
iter	9480	0.6043204255402088	0.80625	1.0069105001166463	0.6275000000000001	
iter	9490	0.5468745017424226	0.8200000000000002	0.9506985060870647	0.6700000000000002	
iter	9500	0.611955807544291	0.78875	0.9987891968339682	0.6200000000000001	
iter	9510	0.5004648840986192	0.8137500000000002	0.9245541729032993	0.6574999999999999	
iter	9520	0.6139138396829367	0.7925000000000001	0.9722403893247247	0.6312500000000001	
iter	9530	0.6438623522408307	0.7750000000000002	0.8922922648489475	0.6837500000000001	
iter	9540	0.5281367679126561	0.8037500000000003	0.9443034827709198	0.6487499999999999	
iter	9550	0.5559963039122522	0.7987500000000002	0.894459874369204	0.6625	
iter	9560	0.5620872261933982	0.79	0.8635730240494013	0.6925	
iter	9570	0.5788616458885372	0.8037500000000002	0.9401854826137424	0.6737500000000002	
iter	9580	0.5919442393351346	0.7925000000000001	1.0741689261049032	0.5975	
iter	9590	0.5129467775113881	0.8287500000000004	1.0676536364480853	0.6150000000000001	
iter	9600	0.6215443266555667	0.7875000000000001	1.0069631915539503	0.6224999999999999	
iter	9610	0.5494966227561235	0.8275000000000001	1.0030811466276646	0.6412500000000001	
iter	9620	0.5116510568186641	0.8325000000000001	0.893615847453475	0.6637500000000001	
iter	9630	0.5144231850281358	0.8087500000000001	0.9153249822556973	0.66375	
iter	9640	0.5449797580949962	0.8175000000000003	0.9398735500872135	0.6425000000000001	
iter	9650	0.5705965801607817	0.8062500000000001	0.9267474077641964	0.66125	
iter	9660	0.5618031132034957	0.8062500000000002	0.9658614574000239	0.6275000000000002	
iter	9670	0.6128571545705199	0.7800000000000002	0.9498520148918033	0.6400000000000002	
iter	9680	0.5600770809687674	0.7975000000000001	0.972979542799294	0.63	
iter	9690	0.4822416319511831	0.8437500000000002	0.8965413197875023	0.65625	
iter	9700	0.6339792073704302	0.785	0.8997464431449771	0.66375	
iter	9710	0.591105425497517	0.7887500000000002	0.9991662967950106	0.6224999999999999	
iter	9720	0.5381748229265213	0.8175000000000001	0.9216248458251357	0.64625	
iter	9730	0.659184938762337	0.7825000000000003	1.0120339337736368	0.6312500000000001	
iter	9740	0.5600273367017508	0.7925000000000002	0.9132748441770673	0.6625	
iter	9750	0.585594579577446	0.8062500000000002	1.151599284261465	0.5825	
iter	9760	0.5194360730238259	0.8062500000000001	0.9020858677104115	0.6525	
iter	9770	0.5426807051990181	0.8012500000000002	0.8868392892181873	0.6762500000000001	
iter	9780	0.5506285214796662	0.8225000000000001	0.9641258073970675	0.6524999999999999	
iter	9790	0.5736978785134852	0.7987500000000001	0.9110735962167382	0.675	
iter	9800	0.581696015316993	0.7862500000000001	1.0045041991397738	0.6425000000000001	
iter	9810	0.5955023397691548	0.7875	0.8967262944206595	0.665	
iter	9820	0.5885943011380732	0.8050000000000002	0.9337720572948456	0.64875	
iter	9830	0.6264921487309039	0.7862500000000001	0.965325241908431	0.6475000000000001	
iter	9840	0.5452248165383935	0.81375	0.9107430167496204	0.6687500000000001	
iter	9850	0.5754500543698668	0.7937500000000002	0.9213800262659788	0.66	
iter	9860	0.5983358356170356	0.7962500000000001	0.9102801904082298	0.65	
iter	9870	0.5621379474177957	0.8025000000000001	0.8717475375160575	0.6762500000000001	
iter	9880	0.6658719396218657	0.76125	0.9397299448028207	0.6525000000000001	
iter	9890	0.5338758421130478	0.81625	1.0055795228108764	0.62875	
iter	9900	0.5837676809169352	0.8025000000000002	1.0100859850645065	0.60375	
iter	9910	0.59556699777022	0.7987500000000003	0.9662409815937281	0.6400000000000001	
iter	9920	0.6254432518035173	0.785	0.9590185917913914	0.6375000000000001	
iter	9930	0.6089315735734999	0.7825000000000001	0.9555346108973026	0.6475000000000002	
iter	9940	0.5498707019723952	0.8075000000000001	0.959821917116642	0.6387500000000002	
iter	9950	0.601223957259208	0.7775000000000003	1.0296178394928575	0.6062500000000001	
iter	9960	0.6311648711562157	0.7775000000000002	0.9066354762762785	0.65375	
iter	9970	0.6263182908296585	0.7937500000000002	0.9789483500644565	0.6450000000000001	
iter	9980	0.5505362069234252	0.8025000000000003	1.043044613674283	0.61625	
iter	9990	0.5417046672664583	0.8100000000000003	0.9733834378421307	0.6425000000000001	
iter	10000	0.6694057770073414	0.7737500000000002	0.9139731973409653	0.65125	
