iter	10	1.3985932301729918	0.4125	1.451615210622549	0.42625	
iter	20	1.2853066194802523	0.48499999999999993	1.4660097509622574	0.4000000000000001	
iter	30	1.291330199688673	0.49499999999999994	1.4076913855969906	0.43	
iter	40	1.2242931611835957	0.5362499999999999	1.4265349954366684	0.4262500000000001	
iter	50	1.1391603592783213	0.5574999999999999	1.3338257130235434	0.4675	
iter	60	1.1463915817439556	0.54	1.347092455253005	0.47750000000000015	
iter	70	1.252131100744009	0.49624999999999997	1.4691652171313763	0.38875000000000004	
iter	80	1.1988873891532421	0.49375	1.4166388306766748	0.425	
iter	90	1.2138729393482208	0.5125000000000001	1.329537020996213	0.47124999999999995	
iter	100	1.2124303616583347	0.5087500000000001	1.4535605497658253	0.41875000000000007	
iter	110	1.2100154608488083	0.50875	1.3542415387928486	0.455	
iter	120	1.2137306798249483	0.5050000000000001	1.3034430965781212	0.4550000000000001	
iter	130	1.2117522973567247	0.5075	1.3097330834716558	0.4725000000000001	
iter	140	1.192916402593255	0.5137500000000002	1.447940206155181	0.42125000000000007	
iter	150	1.1669244524091482	0.53	1.3826561607420444	0.4625000000000001	
iter	160	1.1537351980805397	0.5300000000000001	1.3330426644533873	0.44875000000000004	
iter	170	1.2018338330090046	0.5275	1.3531652446836233	0.48000000000000004	
iter	180	1.1219800729304552	0.5325	1.2033161763101816	0.5462500000000001	
iter	190	1.1606291122734547	0.53	1.4120821990072727	0.4375	
iter	200	1.1064704917371273	0.5675	1.2847193703055382	0.4925000000000001	
iter	210	1.0918725486844778	0.555	1.3451440408825874	0.47	
iter	220	1.1917117983102798	0.5175000000000001	1.1909831184893847	0.52875	
iter	230	1.1202355902642012	0.5337499999999998	1.2267312724143267	0.5050000000000001	
iter	240	1.0748168174177408	0.5712500000000001	1.2763480581343174	0.49374999999999986	
iter	250	1.128569895401597	0.5525	1.2946621011942625	0.4962500000000001	
iter	260	1.1678756512701511	0.5299999999999999	1.2430464327335358	0.5025000000000002	
iter	270	1.1757647041231394	0.5199999999999999	1.3341875169426203	0.49000000000000005	
iter	280	1.108231520280242	0.56375	1.2563346605747938	0.49000000000000005	
iter	290	1.0549288243055344	0.5875	1.3399486001580954	0.4487500000000001	
iter	300	1.108386455103755	0.5599999999999999	1.3423488847911358	0.47750000000000004	
iter	310	1.0814857631921768	0.57375	1.303096977993846	0.45125000000000004	
iter	320	1.0868133660405874	0.5487500000000001	1.2279134150594473	0.4937500000000001	
iter	330	1.0978211294859648	0.5775000000000001	1.3055062629282475	0.46375	
iter	340	1.0914805736392736	0.555	1.223032420501113	0.5262499999999999	
iter	350	1.0360712837427855	0.5825000000000002	1.280220128595829	0.5137499999999999	
iter	360	1.0125721283257008	0.5825000000000002	1.2554851993918419	0.50125	
iter	370	1.0478693060576916	0.57875	1.2084308341145515	0.5075000000000001	
iter	380	1.0749524608254433	0.5737500000000002	1.26421270519495	0.51	
iter	390	1.0719222351908684	0.5737500000000001	1.2230704557150602	0.5437500000000002	
iter	400	1.115816069766879	0.545	1.222313892096281	0.51125	
iter	410	1.103527758270502	0.5600000000000002	1.2798589747399092	0.5212499999999999	
iter	420	1.0466700326651335	0.5837500000000001	1.3080863151699305	0.4850000000000001	
iter	430	1.0685943979769945	0.5637500000000001	1.2039756812155247	0.5387500000000001	
iter	440	1.085686163045466	0.5787500000000002	1.2307535503059626	0.5225000000000001	
iter	450	1.0512096919119358	0.57125	1.1838274337351322	0.52875	
iter	460	1.0539255868643522	0.5875	1.212258717045188	0.53125	
iter	470	1.0103535037487745	0.5924999999999999	1.2256425749510527	0.5375	
iter	480	1.0398811865597963	0.6012500000000001	1.1645342968404293	0.5525	
iter	490	0.9715666826814413	0.6125	1.248810363933444	0.5075	
iter	500	1.0392595902085304	0.6050000000000001	1.2017351761460304	0.5524999999999999	
iter	510	0.9314980618655682	0.6412500000000001	1.1739711426198483	0.5449999999999999	
iter	520	0.9561361484229565	0.6312499999999998	1.1821048650890589	0.525	
iter	530	1.0819685477763414	0.55875	1.2788070868700743	0.50625	
iter	540	1.0287892706692219	0.5875000000000001	1.1734163891524076	0.5437500000000001	
iter	550	0.9849749524146318	0.625	1.2632513232529163	0.52	
iter	560	1.0771584194153547	0.58	1.1575093884021044	0.5425	
iter	570	1.034817149862647	0.6050000000000001	1.1228120066225529	0.54375	
iter	580	1.0473047625273466	0.5837499999999999	1.2500135619193316	0.5012500000000001	
iter	590	1.0377200301736593	0.5787500000000001	1.1671055015176535	0.5625000000000001	
iter	600	1.0839633187279105	0.55375	1.1811602767556906	0.52625	
iter	610	0.9636081960052252	0.59875	1.2683291900902987	0.5099999999999999	
iter	620	0.928032910451293	0.6475	1.1628876626491547	0.5425	
iter	630	1.0051284655928612	0.58125	1.1305259242653847	0.56125	
iter	640	1.039661955088377	0.5912500000000002	1.1938489899039268	0.54625	
iter	650	0.9722890947014093	0.63125	1.1484340280294418	0.5575	
iter	660	1.0194930881261826	0.5887500000000001	1.1793439332395792	0.5325000000000001	
iter	670	1.0041774027049541	0.6162500000000001	1.1750331707298756	0.52125	
iter	680	0.9428120171651244	0.6362500000000001	1.1821263954043388	0.5450000000000002	
iter	690	0.959125243127346	0.60375	1.1278771609067917	0.565	
iter	700	0.9510620050132275	0.63	1.1115140579640865	0.5687500000000002	
iter	710	0.950633717700839	0.6175	1.0568056516349316	0.58625	
iter	720	0.9814437869936228	0.6112500000000003	1.1984852775931358	0.5400000000000001	
iter	730	0.9036674425005913	0.6624999999999999	1.1916105449199677	0.5275000000000001	
iter	740	0.9632174726575613	0.6125	1.2261106446385384	0.5137499999999999	
iter	750	1.030170438811183	0.5862499999999999	1.1156011074781418	0.56375	
iter	760	0.9176603779196739	0.6700000000000003	1.1646939907222986	0.5675	
iter	770	0.9582290798425674	0.6225	1.0409492701292038	0.5974999999999999	
iter	780	1.0377400685101748	0.60125	1.2167843487113714	0.5475000000000001	
iter	790	0.9582769805565476	0.6362500000000002	1.0731609743088484	0.59875	
iter	800	0.972609668970108	0.6112500000000001	1.146406589075923	0.56	
iter	810	0.9423339786008	0.6325000000000001	1.085459633730352	0.5737500000000001	
iter	820	0.9049547184258699	0.635	1.1116732265800238	0.5750000000000001	
iter	830	0.8723966488614678	0.6637500000000001	1.01077582500875	0.6124999999999999	
iter	840	0.9511515386402607	0.64375	1.1340606715530157	0.5699999999999998	
iter	850	0.8794532101601362	0.6612499999999999	1.1425796616822481	0.56375	
iter	860	0.998671967536211	0.60375	1.1117237582802773	0.5725000000000001	
iter	870	0.9343375749886036	0.63375	1.1038810461759567	0.6000000000000001	
iter	880	0.9305588314309716	0.6350000000000001	0.9917060248553753	0.6225	
iter	890	0.8893277086317539	0.6650000000000001	1.205631298944354	0.5675	
iter	900	0.8569916179403663	0.6887500000000002	1.1819219645112753	0.5425	
iter	910	0.9962163958698511	0.615	1.0958353970199823	0.5787500000000001	
iter	920	0.9158739019185305	0.6537500000000002	1.085527716204524	0.5750000000000001	
iter	930	1.0041335225105286	0.595	1.170870877802372	0.5599999999999999	
iter	940	1.0121137332171202	0.6062500000000002	1.224144373089075	0.52875	
iter	950	0.9218299565836787	0.6275000000000003	1.15234493650496	0.5474999999999999	
iter	960	0.9696771111339331	0.6	1.102507185190916	0.5837500000000001	
iter	970	0.860586385242641	0.6700000000000002	1.0742656514048576	0.6012500000000001	
iter	980	0.87175228074193	0.6625	1.0253726355731487	0.6325	
iter	990	0.8931058067828417	0.6462500000000001	1.0948390923440456	0.5675000000000001	
iter	1000	0.8473708722740412	0.6687500000000002	1.1132954861968756	0.5662499999999999	
iter	1010	0.9180154465138912	0.6525	1.0195731408894062	0.6050000000000001	
iter	1020	0.8615916259586811	0.6612500000000001	1.1045041661709547	0.60375	
iter	1030	0.9708693381398916	0.63125	1.1482194177806377	0.5512499999999999	
iter	1040	0.8346597775816917	0.67125	1.0517882723361254	0.5875	
iter	1050	0.9339586198329926	0.6687500000000001	1.1179809868335724	0.56625	
iter	1060	0.933881800621748	0.6450000000000001	0.960833040997386	0.6262500000000001	
iter	1070	0.8419700041413307	0.6799999999999999	0.9850479429587722	0.6125	
iter	1080	0.9469023421406746	0.6137500000000001	1.0289599662646651	0.6100000000000002	
iter	1090	0.8798794569447637	0.66	1.1046284325420856	0.57875	
iter	1100	0.9046279052272439	0.6512500000000001	1.0205944813787937	0.5924999999999999	
iter	1110	0.8193606045097113	0.6975000000000001	1.0467905681580305	0.5912499999999999	
iter	1120	0.8433205746114254	0.6775	1.038722837343812	0.6087500000000001	
iter	1130	0.889608658850193	0.6750000000000002	1.1041892655193806	0.5687500000000001	
iter	1140	0.8888925332576036	0.655	1.1127335596829653	0.5675000000000002	
iter	1150	0.9529708446934819	0.6437500000000002	0.9823890430852771	0.6137499999999999	
iter	1160	0.8748095035552979	0.6687500000000002	0.9916077312082052	0.6199999999999999	
iter	1170	0.9167826138436794	0.6400000000000001	1.08726835437119	0.5900000000000001	
iter	1180	0.9367362018674612	0.6387499999999999	1.0933230482041836	0.5824999999999999	
iter	1190	0.8406491437926888	0.6787500000000001	1.1049381587654352	0.5750000000000001	
iter	1200	0.9379389761015773	0.6475000000000003	1.0910061690956354	0.585	
iter	1210	0.8039118926972151	0.6775000000000002	1.0265260972082615	0.6162500000000002	
iter	1220	0.8683328833431005	0.6675000000000001	1.067791000008583	0.5925	
iter	1230	0.8240049500018358	0.6875000000000001	1.0479330345988274	0.6050000000000001	
iter	1240	0.8767974264919758	0.6725000000000001	1.07960597705096	0.58125	
iter	1250	0.9300510343164206	0.6587500000000001	0.9891272829845548	0.6262500000000002	
iter	1260	0.791155400685966	0.70625	1.1042084190994501	0.60125	
iter	1270	0.8847960252314806	0.6475000000000002	1.014572948217392	0.6050000000000001	
iter	1280	0.8681311579421163	0.6687500000000002	1.0825093630701303	0.5924999999999999	
iter	1290	0.8649501455947757	0.6612500000000002	1.1332326792180538	0.5750000000000001	
iter	1300	0.842006167396903	0.67875	0.9733065757900476	0.6100000000000001	
iter	1310	0.8246472273021936	0.68625	0.9871806129813194	0.63125	
iter	1320	0.852957284078002	0.6637500000000002	0.9724097298458219	0.6224999999999999	
iter	1330	0.8577213920652866	0.6700000000000002	0.9829529635608196	0.6187499999999999	
iter	1340	0.9307276355102658	0.6175000000000002	1.0512014366686344	0.5775	
iter	1350	0.8390130223706365	0.6737500000000002	1.035010488703847	0.59625	
iter	1360	0.877485703676939	0.6499999999999999	1.1504844380542636	0.5562500000000001	
iter	1370	0.7656625118106604	0.7087500000000001	0.9782062182202935	0.6250000000000001	
iter	1380	0.8595544993877411	0.66	0.9461262570694089	0.6600000000000003	
iter	1390	0.8451908705756068	0.6587500000000001	1.0125687709078193	0.6025	
iter	1400	0.8867431180551648	0.67	1.0269147008657455	0.61625	
iter	1410	0.9195630680769682	0.6487499999999999	1.1677380166947842	0.5875	
iter	1420	0.8688810355961323	0.6725	1.0846511535346508	0.58625	
iter	1430	0.8521724930033088	0.67	0.9837072789669037	0.6162500000000001	
iter	1440	0.9270888520404696	0.62875	0.9799541905522346	0.6362500000000002	
iter	1450	0.8256224868819118	0.7050000000000003	1.0216377163305879	0.62	
iter	1460	0.8549884548410773	0.685	1.0062084179371595	0.6124999999999999	
iter	1470	0.9188301246613264	0.6562499999999999	0.999138405546546	0.6225000000000003	
iter	1480	0.8249524664133787	0.6625000000000002	0.9908067174255848	0.64	
iter	1490	0.7845801617950201	0.6925	1.025252423249185	0.6112500000000001	
iter	1500	0.8340656282380223	0.68375	1.0036272089928389	0.6162500000000001	
iter	1510	0.8639477053657174	0.6675000000000002	0.9868179988116026	0.6162499999999999	
iter	1520	0.8206495959311724	0.6837499999999999	1.076370494440198	0.59375	
iter	1530	0.7593186041340232	0.7062500000000002	0.9331411849707365	0.6475	
iter	1540	0.817852970212698	0.7025000000000001	1.027972761541605	0.5912500000000002	
iter	1550	0.95368149317801	0.6287500000000001	1.0182245951145887	0.6275000000000001	
iter	1560	0.8681150078773499	0.6625000000000001	1.059872642159462	0.5912499999999999	
iter	1570	0.8323946800082922	0.6750000000000002	0.974590060301125	0.645	
iter	1580	0.8360799932852387	0.66125	0.9820632059127092	0.6375000000000001	
iter	1590	0.7792274076491594	0.7125	1.0640595071017742	0.5925	
iter	1600	0.7542934054508805	0.7187500000000001	1.0429188329726458	0.59125	
iter	1610	0.7839789111167192	0.7050000000000002	0.9770740326493979	0.6174999999999999	
iter	1620	0.7407941222190857	0.7275000000000003	1.0560404378920794	0.6150000000000002	
iter	1630	0.842174369841814	0.6962500000000001	0.899262685328722	0.65125	
iter	1640	0.7998125925660133	0.7012500000000002	1.0037639969959855	0.6362500000000001	
iter	1650	0.8278129678219557	0.6875000000000002	0.9571958659216762	0.63625	
iter	1660	0.763844414614141	0.7125000000000001	1.053222338669002	0.6225000000000003	
iter	1670	0.9451662823557854	0.65125	0.9858793783932924	0.6375000000000003	
iter	1680	0.8224221477285028	0.6837500000000002	1.036397373303771	0.6025	
iter	1690	0.8543479889631271	0.67375	0.9354263711720705	0.6512500000000003	
iter	1700	0.9001938318833709	0.6500000000000001	1.0227623414248228	0.6150000000000002	
iter	1710	0.8619680944830179	0.6650000000000001	1.0394676178693771	0.5925	
iter	1720	0.8679846236482263	0.6525000000000001	0.9591777427121997	0.6550000000000001	
iter	1730	0.83387481700629	0.6662500000000001	0.9917931752279401	0.61375	
iter	1740	0.8105289684608579	0.6875000000000001	0.9592446740716696	0.6325000000000002	
iter	1750	0.8416993319988251	0.6849999999999999	0.9395629307255149	0.6325000000000001	
iter	1760	0.7781507400795817	0.69	1.1253943927586079	0.5575	
iter	1770	0.8498642286285758	0.6862499999999999	0.9650539308786392	0.6112500000000001	
iter	1780	0.7420670744031668	0.7249999999999999	1.0272485818713903	0.62875	
iter	1790	0.8211634578183293	0.6825000000000001	1.0196152701973915	0.6112500000000002	
iter	1800	0.7648089416325092	0.7125	1.0131696444004774	0.6150000000000002	
iter	1810	0.7781076361425221	0.7050000000000001	1.052512638270855	0.5925	
iter	1820	0.7900561103597283	0.7062500000000003	0.9947169329971075	0.6250000000000001	
iter	1830	0.7270734300836921	0.7150000000000001	0.998745933175087	0.6187500000000002	
iter	1840	0.8438394768163562	0.68375	0.9309888165444136	0.6312500000000002	
iter	1850	0.7412809142842889	0.7137500000000001	1.0170333310961723	0.6187499999999999	
iter	1860	0.8539962535724044	0.68	0.98389174323529	0.6037499999999999	
iter	1870	0.7960653202608228	0.6887500000000001	1.0832420997321606	0.5824999999999999	
iter	1880	0.7319815782830119	0.7175	0.9495935356244445	0.64	
iter	1890	0.7748207896947861	0.7237500000000002	0.9979039821773767	0.63	
iter	1900	0.8070766599848866	0.6912499999999999	1.013279684819281	0.58125	
iter	1910	0.764135202858597	0.70625	0.9931590463966131	0.6174999999999999	
iter	1920	0.7100030733272433	0.7512500000000002	1.070319727063179	0.5675	
iter	1930	0.7323748958297074	0.7337500000000002	0.9562130719423294	0.6362499999999999	
iter	1940	0.754336747340858	0.7187499999999999	1.153902754187584	0.5537500000000002	
iter	1950	0.8565511805936694	0.6575000000000002	0.9690419686958194	0.6337500000000001	
iter	1960	0.7403543703258038	0.7062500000000003	0.938615195453167	0.6375000000000001	
iter	1970	0.8163847541436553	0.6925000000000001	0.9843550603836775	0.625	
iter	1980	0.8441067337989807	0.6900000000000002	0.9970204960554838	0.6025000000000001	
iter	1990	0.7737721810117364	0.6975000000000002	0.9407254606485367	0.6300000000000001	
iter	2000	0.747349701821804	0.7287499999999999	0.962636454962194	0.6462500000000001	
iter	2010	0.7310909684747458	0.7300000000000002	0.8563175452873111	0.6687500000000002	
iter	2020	0.8555400315672159	0.66875	0.9467960819602013	0.655	
iter	2030	0.737050605006516	0.7287499999999999	1.0451552793383598	0.5962500000000001	
iter	2040	0.7549178376793861	0.7075	0.9532903898507357	0.6325000000000001	
iter	2050	0.7861772775650024	0.69	1.0146441161632538	0.6225000000000002	
iter	2060	0.8236990850418806	0.6725000000000001	1.0100522208958864	0.61	
iter	2070	0.8868082780390978	0.6562500000000002	1.0064396364614367	0.6074999999999999	
iter	2080	0.758507888764143	0.7137499999999999	1.0154837220907211	0.6225	
iter	2090	0.7565797036513686	0.7025	0.9873229069635272	0.6137499999999999	
iter	2100	0.7885768613778055	0.7000000000000002	0.9936611000448465	0.6112500000000002	
iter	2110	0.7457427978515625	0.7525000000000002	1.0423698164522648	0.5925	
iter	2120	0.7210113201290369	0.7175000000000002	1.0204392075538635	0.59875	
iter	2130	0.7745632762089372	0.6975000000000001	1.0002419641241431	0.6250000000000001	
iter	2140	0.6940774014219642	0.7287500000000002	1.0064531695097685	0.59375	
iter	2150	0.7535886391997337	0.7062499999999999	1.0221381979063153	0.6162500000000001	
iter	2160	0.7090215682983398	0.73625	0.9527594763785601	0.6550000000000001	
iter	2170	0.8069404009729624	0.6775	0.9318902418017387	0.6462500000000001	
iter	2180	0.7700389893725514	0.7025	0.9519856795668602	0.6275	
iter	2190	0.7190001457929611	0.7312500000000003	0.9514439050108194	0.6425000000000001	
iter	2200	0.770405251532793	0.7087500000000002	1.0086789410561323	0.6200000000000001	
iter	2210	0.7706126635894179	0.6975	1.027505491860211	0.6262500000000001	
iter	2220	0.741953307762742	0.7200000000000003	0.9736983440816402	0.6100000000000001	
iter	2230	0.7171634882688522	0.7300000000000002	1.0560424411669374	0.5837500000000001	
iter	2240	0.7432236494496465	0.71625	0.9816177664324641	0.6425	
iter	2250	0.7494404278695583	0.7012499999999999	0.9405285203829408	0.6675000000000001	
iter	2260	0.7757273856550455	0.7050000000000002	0.9817708358168602	0.62625	
iter	2270	0.8098681410774589	0.69875	1.071393788792193	0.5862499999999999	
iter	2280	0.7224890049546957	0.7150000000000002	0.9440815290436149	0.625	
iter	2290	0.8032018598169088	0.6837500000000001	0.972185056656599	0.6337499999999999	
iter	2300	0.7505464260466397	0.7212500000000001	0.9733949489891529	0.625	
iter	2310	0.7290868880227208	0.7024999999999998	0.8720515547320247	0.6787500000000001	
iter	2320	0.8374600112438202	0.6787500000000002	1.1130429478362203	0.5775	
iter	2330	0.7716387640684843	0.7062500000000004	0.912459459155798	0.65125	
iter	2340	0.751131690107286	0.725	1.0662836898118258	0.6012500000000001	
iter	2350	0.6832421752624214	0.7400000000000002	0.9448912516236305	0.6325	
iter	2360	0.7682490916922688	0.7025000000000001	0.8973849164322019	0.6675000000000002	
iter	2370	0.7491005617193878	0.7062500000000002	0.9837936572730541	0.61	
iter	2380	0.7140455385670066	0.7137500000000002	0.975810419768095	0.6437499999999999	
iter	2390	0.6769936671480536	0.7350000000000001	1.0023684408515692	0.62625	
iter	2400	0.7776669217273593	0.7075000000000001	0.9611767735332251	0.6424999999999998	
iter	2410	0.7985087772831321	0.7000000000000002	0.8698999155312777	0.6525	
iter	2420	0.7934155305847526	0.6950000000000002	1.0310776252299547	0.6012500000000001	
iter	2430	0.7206267667934299	0.7250000000000001	1.014190049842	0.6062500000000001	
iter	2440	0.6889953948557377	0.7362500000000003	0.9590327870100737	0.64375	
iter	2450	0.7096895007416606	0.7175000000000001	0.9242809992283583	0.6600000000000003	
iter	2460	0.7130065243691206	0.7225000000000001	0.9568430501967669	0.6237499999999999	
iter	2470	0.7447493504732847	0.7050000000000002	0.9884915947914124	0.6150000000000001	
iter	2480	0.7087379572913051	0.7225	0.9774670749902725	0.6125	
iter	2490	0.7506015030667186	0.70875	0.9127311343327165	0.6699999999999999	
iter	2500	0.6176141770556569	0.7575000000000002	0.9707574285566807	0.6187499999999999	
iter	2510	0.6938429335132241	0.7437500000000001	0.9042664188891649	0.6475000000000001	
iter	2520	0.8522771075367928	0.6987500000000002	0.9111465457826853	0.6525	
iter	2530	0.701702575199306	0.7350000000000001	0.9743168763816357	0.6375000000000001	
iter	2540	0.7924387585371733	0.70625	0.9806025102734566	0.61625	
iter	2550	0.79271006770432	0.6975000000000002	1.0159645853564143	0.615	
iter	2560	0.7245035823434591	0.7262500000000002	0.9362168060615659	0.6625000000000001	
iter	2570	0.6943857632577419	0.7262500000000003	0.8812619065865874	0.6550000000000001	
iter	2580	0.7584529872983694	0.6950000000000002	0.9575435388833284	0.6262500000000001	
iter	2590	0.7508831573650241	0.7212500000000002	0.9692841367796063	0.6237499999999999	
iter	2600	0.7225620793178678	0.7175000000000001	1.0383975692093372	0.6012500000000001	
iter	2610	0.6805882859043777	0.7287499999999999	0.9528829585760832	0.6324999999999998	
iter	2620	0.7172583313658834	0.73875	0.9807445295155048	0.6125000000000002	
iter	2630	0.6793887810781598	0.7475000000000003	1.0266956789419055	0.62125	
iter	2640	0.661597847007215	0.7625000000000002	0.9670114703476429	0.6475000000000003	
iter	2650	0.7183971153572202	0.7275000000000001	0.9520885115489364	0.6462500000000001	
iter	2660	0.6908628600649536	0.7487500000000004	0.8598067089915276	0.6825000000000001	
iter	2670	0.7389226900413632	0.7087499999999998	0.9791248394176364	0.6225	
iter	2680	0.7379250936210155	0.6987500000000001	0.9153533708304167	0.66	
iter	2690	0.7495091650635004	0.7125000000000002	0.9164669811725616	0.64625	
iter	2700	0.694376110099256	0.7374999999999999	0.9991386998444796	0.6175000000000002	
iter	2710	0.716871558688581	0.72875	0.9988606069236994	0.6425000000000001	
iter	2720	0.7003321228548884	0.725	0.9121421026065946	0.655	
iter	2730	0.7894338630139828	0.70125	1.0289550125598907	0.6062500000000002	
iter	2740	0.6947552748024464	0.7575000000000003	0.9260369539260864	0.645	
iter	2750	0.6966619025915861	0.7400000000000002	0.9661221029236913	0.6437500000000002	
iter	2760	0.701222843490541	0.7462500000000002	0.9831265928223729	0.6350000000000002	
iter	2770	0.7277464102953672	0.7137499999999999	1.067221026867628	0.59875	
iter	2780	0.7688938183709979	0.685	0.9582152981311083	0.63375	
iter	2790	0.6707830708473921	0.7362500000000003	0.9970348700881004	0.6375	
iter	2800	0.6597889983095229	0.7374999999999999	1.054182923398912	0.61125	
iter	2810	0.733034304343164	0.7187499999999999	0.9976631440222263	0.6325000000000002	
iter	2820	0.7465745583176613	0.7150000000000002	0.9415275678038597	0.65875	
iter	2830	0.7143682455644011	0.7200000000000002	0.8884436720982194	0.6612500000000002	
iter	2840	0.7744770655408502	0.6900000000000001	1.011525240726769	0.6250000000000001	
iter	2850	0.6807449730113149	0.7324999999999999	1.0394090162590146	0.6062500000000001	
iter	2860	0.7022781549021602	0.7500000000000002	1.0777993872761726	0.5762500000000002	
iter	2870	0.7379919849336147	0.7300000000000001	1.0267564738169312	0.62	
iter	2880	0.7210613917559385	0.73125	0.9206513203680515	0.6600000000000001	
iter	2890	0.7258287658914924	0.7374999999999999	1.0197964636608958	0.6112500000000001	
iter	2900	0.7133509675040841	0.7337499999999999	0.9996514357626438	0.6262500000000001	
iter	2910	0.7090919455513358	0.725	0.9360421318560839	0.64	
iter	2920	0.7010684283450246	0.7375000000000002	1.0036460347473621	0.6412500000000003	
iter	2930	0.6879184292629361	0.7424999999999999	1.0574913769960403	0.6137500000000001	
iter	2940	0.7121493695303798	0.71875	0.8760378193110228	0.6649999999999998	
iter	2950	0.6072818273678422	0.7624999999999998	0.8443110329099	0.6650000000000001	
iter	2960	0.7553944503888488	0.7125000000000001	0.939273389056325	0.6375000000000001	
iter	2970	0.6603327207267284	0.7525000000000003	0.9717596136033535	0.6250000000000001	
iter	2980	0.6544714048504829	0.7500000000000001	1.104916948825121	0.58875	
iter	2990	0.767974697984755	0.7187500000000001	1.042956693097949	0.6212500000000001	
iter	3000	0.6629812149330974	0.7500000000000001	0.8264657100662589	0.6912500000000001	
iter	3010	0.6782572120428085	0.7400000000000001	0.9643248869106174	0.6362500000000002	
iter	3020	0.733837379142642	0.7250000000000001	1.0351340621709824	0.61375	
iter	3030	0.7637572409585118	0.7112500000000002	0.9562813052907586	0.6537499999999999	
iter	3040	0.6396089578047395	0.7687500000000002	0.990464499220252	0.63125	
iter	3050	0.6364093879237771	0.7587500000000001	0.9373263493180275	0.66375	
iter	3060	0.6723162671551108	0.7387499999999999	1.0011618193238974	0.6300000000000001	
iter	3070	0.6106207589618862	0.7575000000000002	0.9333162270486355	0.6575000000000003	
iter	3080	0.7105974187143147	0.7250000000000003	0.9151815501973033	0.6550000000000001	
iter	3090	0.7175290687009692	0.7300000000000002	0.9291899269446731	0.64875	
iter	3100	0.6480264663696289	0.75875	0.961651811376214	0.64	
iter	3110	0.7494112700223923	0.7150000000000001	1.013387861661613	0.6125	
iter	3120	0.6257931739091873	0.7412500000000001	1.0617935992777348	0.605	
iter	3130	0.6779214860871434	0.735	0.9204063769429922	0.655	
iter	3140	0.6450589960440993	0.7637500000000002	1.0488664656877518	0.5962499999999998	
iter	3150	0.6641659731976688	0.7437500000000002	0.8609135905280709	0.6887500000000004	
iter	3160	0.5870898882858455	0.8012500000000002	0.9170482819899917	0.6699999999999999	
iter	3170	0.7290427908301353	0.7262500000000001	0.9599296431988478	0.6449999999999998	
iter	3180	0.7369755655527115	0.71875	0.9685852769762278	0.64125	
iter	3190	0.6722841057926416	0.7475	0.9638136373832822	0.6200000000000001	
iter	3200	0.6132804471999407	0.7750000000000002	1.0394815765321255	0.6099999999999999	
iter	3210	0.7136448733508587	0.7375	0.9404048277065158	0.66	
iter	3220	0.6994658121839166	0.7325000000000004	1.0422380603849888	0.6150000000000001	
iter	3230	0.6867795926518738	0.7362500000000001	0.9319571331143379	0.64125	
iter	3240	0.7212731735780835	0.7125	0.8631719117984176	0.6562500000000001	
iter	3250	0.6957192476838827	0.7175	0.9625728465616703	0.6387499999999999	
iter	3260	0.6832564184442163	0.73875	0.8971365336328745	0.655	
iter	3270	0.642829327378422	0.7687500000000003	1.0169407781213522	0.60375	
iter	3280	0.7474384158849716	0.7025000000000001	0.9544738298282027	0.6275000000000001	
iter	3290	0.6753667644225061	0.7350000000000001	0.9095802772790194	0.6437499999999999	
iter	3300	0.6399170556105673	0.7525000000000001	0.9585217125713825	0.6500000000000001	
iter	3310	0.6941235540434718	0.7275000000000001	0.9051622599363327	0.6512500000000003	
iter	3320	0.6584471138194203	0.7500000000000001	0.8484405847266316	0.6762500000000001	
iter	3330	0.7083564149215817	0.7312500000000001	0.8866760600358248	0.66625	
iter	3340	0.7861311351880431	0.6812500000000004	0.8440938591957092	0.685	
iter	3350	0.6368862306699157	0.7575000000000001	0.928005157969892	0.66625	
iter	3360	0.6569942869246006	0.7525	0.9012492466717958	0.6537500000000002	
iter	3370	0.6010691775009036	0.7675000000000001	1.053233364596963	0.62	
iter	3380	0.7375485524535179	0.72125	0.899719619192183	0.6562500000000001	
iter	3390	0.7319039171561599	0.70125	0.8621660582721233	0.66375	
iter	3400	0.6747651556506753	0.7362500000000001	0.92252416908741	0.6425000000000001	
iter	3410	0.6955064572393894	0.7412500000000002	0.9074810231104493	0.6612500000000002	
iter	3420	0.6740156160667539	0.7425000000000002	0.8731353022158146	0.665	
iter	3430	0.6382486643269658	0.7599999999999999	0.9010829953476787	0.6475000000000001	
iter	3440	0.6123399399220943	0.7675000000000003	0.9965888448059559	0.6250000000000001	
iter	3450	0.6957045602612197	0.7412500000000001	1.079554945230484	0.5950000000000001	
iter	3460	0.7016052203252912	0.7162500000000002	0.9331571236252785	0.64875	
iter	3470	0.7190300710499287	0.7075000000000002	0.969145143404603	0.615	
iter	3480	0.6620776252821088	0.7324999999999998	1.015537302941084	0.6062500000000001	
iter	3490	0.6463666167110205	0.7537500000000001	0.9206928117200732	0.63125	
iter	3500	0.7448224984109402	0.72	0.9424163792282343	0.65375	
iter	3510	0.7137962412089109	0.7325	0.9852889273315668	0.6187499999999999	
iter	3520	0.7207638444378972	0.715	1.0402426486834884	0.625	
iter	3530	0.7315504113212228	0.7262500000000002	0.9845236083492637	0.6250000000000001	
iter	3540	0.7725350111722946	0.6987500000000002	0.9793765172362328	0.6250000000000001	
iter	3550	0.6757112992927432	0.7300000000000002	1.064740464091301	0.59875	
iter	3560	0.6253285733982921	0.75125	0.8960845321416855	0.6575000000000001	
iter	3570	0.7066263752058148	0.7162500000000002	0.9631999246776104	0.62375	
iter	3580	0.5981856165453792	0.7712500000000002	0.8840644042938948	0.67875	
iter	3590	0.6324190869927406	0.7600000000000001	0.8280824534595013	0.6850000000000002	
iter	3600	0.7363019175827503	0.7387500000000001	0.9110762616619468	0.6562500000000002	
iter	3610	0.6736021377146244	0.7437500000000002	0.9511424731463194	0.6487500000000002	
iter	3620	0.589070238173008	0.7687500000000002	1.054444707930088	0.6074999999999999	
iter	3630	0.6770864757709205	0.7549999999999999	1.008369566872716	0.6187500000000001	
iter	3640	0.6719882404431701	0.7375000000000002	0.897278068587184	0.6775000000000001	
iter	3650	0.6873013461008668	0.7512500000000001	0.9474011212587357	0.6487499999999999	
iter	3660	0.6621033046394587	0.7550000000000002	0.9611055850982666	0.645	
iter	3670	0.6885704202577472	0.7300000000000002	0.9777950085699558	0.61625	
iter	3680	0.6319937715306878	0.7712500000000003	0.883647040463984	0.66875	
iter	3690	0.6378046376630664	0.7612500000000001	0.992812829092145	0.63375	
iter	3700	0.6019565523602068	0.7775	0.9688773844391108	0.64375	
iter	3710	0.6895254636183381	0.7325000000000002	0.9472963288426399	0.6425	
iter	3720	0.7246805317699909	0.69875	0.9711783742532134	0.6362500000000001	
iter	3730	0.7216203068383038	0.7175000000000001	0.98203931376338	0.635	
iter	3740	0.6982928887009621	0.7325000000000002	0.943011399358511	0.63875	
iter	3750	0.6839751480147243	0.7350000000000001	0.9489515321329236	0.6425000000000002	
iter	3760	0.6907399985939264	0.7375	0.9570430880412459	0.6249999999999999	
iter	3770	0.7216330096125603	0.7337500000000002	1.0542018981650472	0.6075	
iter	3780	0.5826438078656793	0.7825000000000002	0.9498737500980496	0.6449999999999999	
iter	3790	0.6009777598083019	0.7675000000000002	0.9809883665293455	0.6300000000000001	
iter	3800	0.680776291526854	0.7450000000000002	0.971786268055439	0.6362500000000002	
iter	3810	0.5943447882309556	0.7937500000000004	0.9054378904402256	0.65625	
iter	3820	0.7014619852416217	0.7412500000000001	0.8853844087570906	0.68	
iter	3830	0.6600291703362018	0.7562500000000001	0.8706431603059173	0.6775	
iter	3840	0.6152738882228732	0.7600000000000001	1.0427310075610876	0.6050000000000001	
iter	3850	0.6941103963181376	0.7462500000000001	0.9252593610435724	0.65625	
iter	3860	0.690770398825407	0.7250000000000001	0.9451506091281772	0.6375000000000001	
iter	3870	0.608405526727438	0.7650000000000001	0.8682634131982923	0.6575000000000001	
iter	3880	0.7324695475399494	0.7275000000000003	0.961462726816535	0.6275000000000001	
iter	3890	0.6813123114407063	0.7425000000000003	0.9396323934197426	0.6625000000000001	
iter	3900	0.6572825317271054	0.7400000000000001	0.9706960283219814	0.6225	
iter	3910	0.7176807587966323	0.7100000000000002	1.0123815722763538	0.605	
iter	3920	0.6923453668132424	0.7462500000000001	1.0532522145658731	0.6075	
iter	3930	0.6640115301124752	0.7375000000000003	1.0342102367430925	0.61875	
iter	3940	0.6672608992084861	0.7412500000000002	0.9366948744282126	0.6475000000000001	
iter	3950	0.6456449097022414	0.7287500000000002	1.011945391073823	0.6025000000000001	
iter	3960	0.6618687435984612	0.7450000000000001	1.0188508676365018	0.6237499999999998	
iter	3970	0.7757956087589264	0.6975	0.9208582304418087	0.6224999999999998	
iter	3980	0.6781485332176089	0.7275	0.9358403161168098	0.63375	
iter	3990	0.6928333640098572	0.7500000000000001	0.8984183808788657	0.64875	
iter	4000	0.6514896838925779	0.7462500000000001	0.9640632793307304	0.6262500000000001	
iter	4010	0.7439379822462797	0.71375	0.9504317846149206	0.64375	
iter	4020	0.6492639272473752	0.7587500000000001	0.9846744472160935	0.6175000000000002	
iter	4030	0.7047868305817246	0.735	0.9240848300978541	0.6525000000000001	
iter	4040	0.6636168183758855	0.7399999999999999	0.9426838299259543	0.6475000000000002	
iter	4050	0.6123400237411261	0.7675000000000002	0.916932163760066	0.6475000000000001	
iter	4060	0.6684810351580381	0.7400000000000001	1.0005817711353302	0.6249999999999999	
iter	4070	0.7273655338212848	0.7412500000000001	0.9105276484042406	0.6637499999999997	
iter	4080	0.6150405388325453	0.7675000000000002	0.9089056067168713	0.64875	
iter	4090	0.7137271300889552	0.7375	0.9671112410724163	0.62625	
iter	4100	0.7258598869666457	0.7224999999999999	0.8328941389918327	0.6912500000000001	
iter	4110	0.7025730339810252	0.73125	0.822926364839077	0.6987500000000002	
iter	4120	0.6044090506620705	0.77625	1.0142523925751448	0.6187500000000001	
iter	4130	0.6944264974445105	0.7312500000000003	0.9649546910077333	0.6387499999999999	
iter	4140	0.6422199569642544	0.75875	0.930370825342834	0.6425	
iter	4150	0.6781695350073278	0.7462500000000001	1.0314893061295152	0.58625	
iter	4160	0.6008922765031457	0.7637500000000004	1.0228215814568102	0.6237500000000001	
iter	4170	0.6294422335922718	0.7575000000000001	1.0073302630335093	0.6149999999999999	
iter	4180	0.5484947301447392	0.8050000000000003	0.9886849820613861	0.63375	
iter	4190	0.6823987634852529	0.7500000000000002	0.9394887238740921	0.655	
iter	4200	0.6284763710573316	0.75375	0.9701895918697119	0.64	
iter	4210	0.691071673296392	0.7362500000000001	0.9323550555855036	0.6562500000000003	
iter	4220	0.6203973013907671	0.7762500000000001	0.8894101539626718	0.6612500000000002	
iter	4230	0.6234214613214135	0.775	0.884960787370801	0.6825000000000001	
iter	4240	0.6037627812474966	0.7875000000000001	0.952937638387084	0.64375	
iter	4250	0.6119247642345726	0.7637500000000004	0.952473346143961	0.6224999999999999	
iter	4260	0.6616711700335145	0.74375	0.9696304351091385	0.6575000000000001	
iter	4270	0.6556827127933502	0.7437500000000001	0.845736120827496	0.68	
iter	4280	0.7365082325413823	0.71625	0.9627191992476583	0.64125	
iter	4290	0.7394180269911885	0.7100000000000001	0.8985386379063129	0.66625	
iter	4300	0.6584060620516539	0.7512500000000004	0.9288969482295215	0.6462500000000003	
iter	4310	0.5908139925450087	0.77375	0.9823005683720112	0.6437500000000002	
iter	4320	0.678887932561338	0.7337500000000001	0.9784313114359975	0.62875	
iter	4330	0.6705294288694859	0.7399999999999999	1.0288621671497822	0.6125	
iter	4340	0.6847091955132782	0.7337500000000001	0.9593160403892398	0.645	
iter	4350	0.6639371830970049	0.7600000000000002	1.039842525497079	0.6112499999999998	
iter	4360	0.5999828753992915	0.7775000000000004	0.9644372537732124	0.6225	
iter	4370	0.7039836561307311	0.7250000000000002	0.9509354410693049	0.65625	
iter	4380	0.6950750132091343	0.75125	0.8763586562126875	0.65375	
iter	4390	0.6199466325342655	0.7650000000000001	0.8731169514358044	0.6712499999999999	
iter	4400	0.6239855065941811	0.7600000000000001	0.9628335237503052	0.6362500000000002	
iter	4410	0.7181607056409121	0.7287500000000002	0.9244558289647102	0.6375	
iter	4420	0.7282362310215831	0.7312499999999998	1.097481843084097	0.5850000000000001	
iter	4430	0.6915919315069914	0.73375	0.9023381965234876	0.6487500000000002	
iter	4440	0.6716137658804655	0.7562500000000002	0.9343272559344769	0.6375	
iter	4450	0.6516132690012455	0.7637500000000003	0.9514827579259872	0.64625	
iter	4460	0.6938225189223886	0.7362500000000001	0.9376642741262913	0.6412500000000002	
iter	4470	0.7663037180900574	0.7175	0.9304265026003122	0.6487500000000002	
iter	4480	0.6860649455338717	0.7387500000000001	0.9874851983040571	0.6362500000000001	
iter	4490	0.6850737612694502	0.7450000000000002	0.9199088281020522	0.6374999999999998	
iter	4500	0.6154563939198852	0.7650000000000001	0.882639029994607	0.6587500000000001	
iter	4510	0.7092169160023332	0.7087500000000002	0.9908594582229853	0.64625	
iter	4520	0.6485553225502372	0.7375	0.9555310793220997	0.6262500000000002	
iter	4530	0.6989040272310376	0.7350000000000001	0.9212975315749645	0.6412500000000002	
iter	4540	0.6174834100529552	0.7737500000000002	0.9958738442510366	0.6337500000000001	
iter	4550	0.6003772960975766	0.7875000000000002	0.8993157790973783	0.6562500000000001	
iter	4560	0.6426959112286568	0.7612500000000002	1.0059352908283472	0.6000000000000003	
iter	4570	0.6789791733026505	0.7437500000000001	0.9634876823984087	0.64375	
iter	4580	0.5899437153711915	0.7962499999999999	0.8356621963903308	0.69	
iter	4590	0.7008439879864454	0.7362500000000001	0.9206202365458012	0.6487499999999999	
iter	4600	0.642864778637886	0.7474999999999999	0.9322268217802048	0.6512500000000001	
iter	4610	0.6863108277320862	0.7350000000000001	1.0132598262280226	0.6475	
iter	4620	0.6907862406224012	0.73	0.9587241113185883	0.64	
iter	4630	0.6158302151598036	0.7750000000000002	0.9724427051842213	0.6325000000000001	
iter	4640	0.6530436668545008	0.7662500000000001	0.9626215640455484	0.6562499999999999	
iter	4650	0.6771106505766511	0.7462500000000001	1.0014154193922877	0.6175	
iter	4660	0.6538673513568938	0.7737500000000003	1.0512994844466448	0.6112500000000001	
iter	4670	0.6924471068195999	0.74375	0.9662265498191118	0.63375	
iter	4680	0.6285845283418894	0.7625000000000002	0.8751146178692579	0.6525	
iter	4690	0.6206747628748417	0.7725000000000003	0.8829697798937559	0.6525	
iter	4700	0.6281242002733052	0.7525000000000002	0.9234626200050116	0.6612500000000003	
iter	4710	0.6616028267890215	0.7587500000000004	0.9514953438192606	0.6425000000000001	
iter	4720	0.6347060985863209	0.7675000000000002	0.9242307674139738	0.6425000000000002	
iter	4730	0.6032855794765055	0.7625000000000002	0.9644485181197524	0.6375000000000002	
iter	4740	0.5855113063007593	0.7925000000000001	1.047508429735899	0.6062500000000001	
iter	4750	0.586757498793304	0.7662500000000001	0.9073992324993014	0.6699999999999999	
iter	4760	0.6090026572346687	0.7800000000000002	0.9979080259799957	0.61125	
iter	4770	0.5824409835040569	0.77	0.8851092671975493	0.6725000000000002	
iter	4780	0.6150155542418361	0.76375	0.8218072140589356	0.68375	
iter	4790	0.6568861952982843	0.7375000000000002	0.9208512865006924	0.64	
iter	4800	0.6454349011182785	0.7450000000000001	0.9283899981528521	0.64375	
iter	4810	0.6024996628984809	0.7725000000000001	0.9836143711581826	0.6475000000000001	
iter	4820	0.6197837688960135	0.7737500000000002	0.9369267094880342	0.6399999999999998	
iter	4830	0.7010506708174944	0.74375	0.8538185684010386	0.6787500000000002	
iter	4840	0.623345940373838	0.7450000000000001	0.9291792847216129	0.6375000000000001	
iter	4850	0.6471358640119433	0.7587500000000003	0.9310973007231951	0.6375000000000001	
iter	4860	0.6225512428209186	0.7412500000000002	1.035448333248496	0.6200000000000001	
iter	4870	0.6795843811705709	0.73	0.9865649109706283	0.62125	
iter	4880	0.6920457119122148	0.74625	0.913136700168252	0.6387499999999998	
iter	4890	0.6946236109361053	0.7475	0.9285253901034594	0.65875	
iter	4900	0.6523454021662474	0.7525000000000002	0.9086545668542385	0.6525000000000001	
iter	4910	0.5456522018648684	0.8000000000000002	0.81778210029006	0.68	
iter	4920	0.6250937287695706	0.7600000000000002	0.9406417775899172	0.64125	
iter	4930	0.6267595924437046	0.7700000000000001	0.9616079851984978	0.6175	
iter	4940	0.6255416171625257	0.7650000000000001	0.9858885500580072	0.6275000000000001	
iter	4950	0.6186944479122758	0.78	0.9665405210107565	0.6412499999999999	
iter	4960	0.5154000723268837	0.8099999999999999	0.9663082174956799	0.615	
iter	4970	0.6442332188598812	0.7600000000000002	0.9470853172242641	0.63	
iter	4980	0.5879448251798749	0.78375	0.9630430350080132	0.6425000000000003	
iter	4990	0.6549667119979858	0.7575000000000002	0.9186396095901728	0.6450000000000001	
iter	5000	0.6581402309238911	0.7437500000000002	0.9373901579529047	0.6437499999999999	
iter	5010	0.6307680485770106	0.765	0.8781327065080404	0.6525000000000001	
iter	5020	0.5899677188135684	0.7800000000000002	1.0006327163428068	0.6125	
iter	5030	0.6458846507593989	0.7500000000000003	0.9832758698612452	0.6125	
iter	5040	0.6554932594299316	0.7675000000000003	0.9575990065932274	0.63875	
iter	5050	0.5902455295436084	0.7762500000000002	1.0277953278273344	0.6149999999999999	
iter	5060	0.5342785157263279	0.81375	0.9584358371794224	0.62875	
iter	5070	0.7066638860851526	0.7300000000000001	0.8766365181654692	0.6512500000000001	
iter	5080	0.6345647787675261	0.7550000000000001	1.0164823019877076	0.6025000000000001	
iter	5090	0.5647060591727495	0.7787500000000003	0.9469327032566071	0.6499999999999999	
iter	5100	0.62962302332744	0.7637500000000002	0.958940714597702	0.6237499999999999	
iter	5110	0.5937473061494529	0.765	0.9262480097822845	0.6575000000000001	
iter	5120	0.5935681955888867	0.77375	0.9270352944731712	0.6499999999999999	
iter	5130	0.6564761726185679	0.7550000000000001	0.9445884022861719	0.6375000000000001	
iter	5140	0.6407620077952743	0.7387500000000001	1.0525964526459575	0.6225	
iter	5150	0.5735950982198119	0.7837500000000003	0.9490587627515197	0.6387499999999999	
iter	5160	0.5781436841934919	0.7850000000000001	0.9112994354218245	0.65625	
iter	5170	0.6848122077062726	0.72625	1.0442529832944274	0.6212500000000003	
iter	5180	0.6556965624913573	0.7550000000000002	1.037945281714201	0.6124999999999998	
iter	5190	0.6382472012192011	0.7562500000000001	0.9258021060377359	0.6462500000000003	
iter	5200	0.6180185037665069	0.77375	0.8492718152701855	0.67125	
iter	5210	0.5778580098412931	0.77375	0.8758920878171921	0.6687500000000001	
iter	5220	0.6377546740695834	0.7700000000000001	1.0366571424528956	0.6137500000000001	
iter	5230	0.6066118702292442	0.76875	0.9321323623880744	0.655	
iter	5240	0.6673872815445065	0.7387500000000001	0.950389152392745	0.6325000000000001	
iter	5250	0.5766678974032402	0.7762500000000001	0.8471471443772316	0.6825000000000001	
iter	5260	0.6609905837103724	0.7325000000000002	0.9380238829180598	0.6337500000000001	
iter	5270	0.5360363242216408	0.7962500000000001	0.9051767066121101	0.6587500000000002	
iter	5280	0.6790603650733829	0.75125	0.9042984889820218	0.64625	
iter	5290	0.7003015447407961	0.74375	0.9282693909481168	0.64375	
iter	5300	0.6177549818530679	0.7437500000000001	0.8692586971446872	0.6675	
iter	5310	0.5576577978208661	0.7875000000000001	0.9196141380816698	0.6425000000000001	
iter	5320	0.5905564553104341	0.7825000000000002	0.9066710509359837	0.6612500000000002	
iter	5330	0.6431343834847212	0.7550000000000001	0.9065107125788927	0.6462500000000001	
iter	5340	0.6413363432511687	0.75	0.9238287089392543	0.6475	
iter	5350	0.6202174499630928	0.7600000000000001	0.9334282353520393	0.6437500000000002	
iter	5360	0.6389025570824742	0.7537500000000001	0.9617589712142944	0.64375	
iter	5370	0.5932135521434247	0.7750000000000001	0.9883101657032967	0.63	
iter	5380	0.661884865257889	0.7575000000000003	0.9407198810949922	0.6362500000000002	
iter	5390	0.5401572156697512	0.805	1.087184608913958	0.6050000000000002	
iter	5400	0.6361487600952387	0.7662500000000001	0.9420647379010916	0.6562500000000001	
iter	5410	0.5880562539678067	0.7662500000000002	0.9572223527356982	0.64375	
iter	5420	0.6082047894597054	0.7725000000000003	0.9136542920023203	0.66	
iter	5430	0.5680986205115914	0.78375	0.9046706557273865	0.645	
iter	5440	0.6336006042547524	0.7675000000000003	0.9624795634299517	0.64875	
iter	5450	0.697477606125176	0.7525000000000003	0.9255104549229145	0.64375	
iter	5460	0.6299069048836827	0.75875	0.9248877707868814	0.63875	
iter	5470	0.6299009332433343	0.7675000000000001	1.0668710712343454	0.5912500000000002	
iter	5480	0.6092601241543889	0.7775000000000001	1.0658473763614893	0.6012500000000001	
iter	5490	0.5651516783982515	0.7825	0.9215614758431911	0.6400000000000001	
iter	5500	0.6432918570935726	0.7500000000000001	0.9816510565578938	0.62625	
iter	5510	0.6221795058809221	0.7575000000000003	0.9908175710588694	0.6250000000000001	
iter	5520	0.6991592696867883	0.7387499999999999	1.0359058510512114	0.59375	
iter	5530	0.7026762738823891	0.7325000000000003	0.9810797590762377	0.6212500000000001	
iter	5540	0.5904021365568042	0.7650000000000002	0.9294019686058164	0.6549999999999999	
iter	5550	0.6730789933353662	0.75875	0.8747357614338398	0.6637500000000002	
iter	5560	0.6362441051751375	0.7462500000000003	0.9073485266417265	0.6750000000000002	
iter	5570	0.6360795265063643	0.7675000000000001	0.9198942855000496	0.6475	
iter	5580	0.667262420989573	0.7487500000000002	0.9506787229329348	0.6287500000000003	
iter	5590	0.692116723395884	0.7387500000000002	0.9012974807992578	0.6525000000000001	
iter	5600	0.6493071322329342	0.7487500000000001	0.8742324467748404	0.6875000000000001	
iter	5610	0.5801522750407457	0.7837500000000001	0.9221977218985558	0.6550000000000001	
iter	5620	0.6291947839781642	0.7375000000000003	0.9738941742107272	0.6162500000000001	
iter	5630	0.6262050811201334	0.7637500000000004	0.9744349215179682	0.64	
iter	5640	0.6095825349912047	0.7500000000000001	0.9560590367764235	0.64	
iter	5650	0.6387149598449469	0.7475000000000003	0.9465705417096615	0.6287499999999999	
iter	5660	0.6573284538462758	0.74625	0.9498668257147074	0.6537499999999999	
iter	5670	0.6408129772171378	0.7637500000000002	1.0182322654873133	0.6012500000000001	
iter	5680	0.5958520015701652	0.77625	0.838949506636709	0.6849999999999998	
iter	5690	0.6324861124157906	0.75625	0.8652832629159093	0.66625	
iter	5700	0.516152364667505	0.7975000000000001	0.9028129111975431	0.6562500000000002	
iter	5710	0.6637728246860206	0.7412500000000002	0.9576689414680004	0.6300000000000002	
iter	5720	0.633074464276433	0.7450000000000001	0.8672682531177998	0.6750000000000002	
iter	5730	0.5958582363091409	0.78125	0.899520156905055	0.6500000000000001	
iter	5740	0.6280457573011518	0.7662500000000001	0.9287508577108383	0.63875	
iter	5750	0.5618020426481962	0.7912500000000002	0.8713573925197124	0.6675000000000002	
iter	5760	0.6887519350275397	0.7412500000000003	1.076079148799181	0.57625	
iter	5770	0.537152286618948	0.7987500000000005	0.9282804829999804	0.6600000000000001	
iter	5780	0.5998727856203914	0.765	0.8543287226930261	0.6662500000000002	
iter	5790	0.6422035293653607	0.7462500000000003	0.8611369105055928	0.6675	
iter	5800	0.6923284139484167	0.7312500000000002	0.9617432290688157	0.6412500000000001	
iter	5810	0.599006206728518	0.7762500000000003	1.024177934974432	0.6062500000000001	
iter	5820	0.6145701548084617	0.7812500000000002	0.8390401443466544	0.6775	
iter	5830	0.6713015027344227	0.7549999999999999	0.9850106947124004	0.60625	
iter	5840	0.6546702207997441	0.75	0.9958381596952677	0.61625	
iter	5850	0.6136536204721779	0.7700000000000001	1.0792367365211248	0.5925	
iter	5860	0.7394835259765387	0.7425	0.9668448884040117	0.63375	
iter	5870	0.5745371715165675	0.7987500000000002	0.9669090686365962	0.6225	
iter	5880	0.6269454658031464	0.7650000000000002	0.853647518903017	0.6787500000000001	
iter	5890	0.7024751929566264	0.7200000000000002	0.8059031758457422	0.6987499999999999	
iter	5900	0.6496375137940049	0.755	0.8940989435650408	0.64625	
iter	5910	0.6619931878522038	0.7312500000000003	0.9012509807944298	0.6512500000000002	
iter	5920	0.638087959960103	0.7612500000000002	0.9475760441273451	0.63125	
iter	5930	0.6496911966241896	0.7562500000000002	0.8610323956236243	0.6675000000000003	
iter	5940	0.5614321478642523	0.7850000000000001	0.8809720193967223	0.6575000000000002	
iter	5950	0.5802277717739344	0.7800000000000004	0.881762171164155	0.6675000000000001	
iter	5960	0.5942637305706739	0.7837500000000002	0.8980627274140716	0.6437500000000002	
iter	5970	0.6192324236035347	0.7675000000000001	0.9462526459246874	0.6400000000000001	
iter	5980	0.629586492665112	0.7512500000000001	0.9976154118776321	0.6300000000000001	
iter	5990	0.6317046782933176	0.7650000000000001	0.9148524701595306	0.6675000000000003	
iter	6000	0.6391784343868494	0.76375	0.8980127144604921	0.6462500000000001	
iter	6010	0.7483805078081787	0.7150000000000001	0.9405992226675153	0.6600000000000001	
iter	6020	0.5690880082547665	0.7700000000000002	0.9166571227833629	0.6537500000000002	
iter	6030	0.6341393762268126	0.7850000000000004	0.9325108313933015	0.62375	
iter	6040	0.6411631992086768	0.76375	0.9411393357440829	0.62875	
iter	6050	0.6906820111908019	0.7375000000000002	0.8735342845320702	0.655	
iter	6060	0.5992914773523808	0.7575000000000001	0.9367253556847572	0.6400000000000001	
iter	6070	0.635703980922699	0.7500000000000001	1.070842232555151	0.60875	
iter	6080	0.6144171431660652	0.7637500000000003	0.8807928841561079	0.6475000000000001	
iter	6090	0.6196044185198843	0.7937499999999998	1.0316161895170808	0.6062499999999998	
iter	6100	0.6330613158643246	0.7662500000000003	0.884486467577517	0.6687500000000001	
iter	6110	0.612321060616523	0.7712500000000001	0.89630938321352	0.6637500000000001	
iter	6120	0.6551163587719202	0.7587500000000001	0.8699747668579221	0.6675000000000002	
iter	6130	0.5953127141110599	0.7825000000000003	1.0099853230640292	0.6425	
iter	6140	0.6160350143909454	0.7612500000000003	0.9125975472852588	0.6550000000000002	
iter	6150	0.6684444164857268	0.7462500000000001	0.8927905485033989	0.6525000000000002	
iter	6160	0.569356394931674	0.79375	0.9514090865850449	0.6325000000000001	
iter	6170	0.6453678766265512	0.7587500000000003	0.9687958173453808	0.6500000000000002	
iter	6180	0.6781043587252498	0.7312500000000001	0.9364244351163507	0.6587500000000001	
iter	6190	0.6006024032831192	0.7587500000000003	0.9199739713221788	0.6687500000000003	
iter	6200	0.6026998474262655	0.7975000000000001	1.0187248354777694	0.6237500000000001	
iter	6210	0.5696262898854911	0.7850000000000003	0.8835375756025314	0.6575	
iter	6220	0.6739337723702192	0.7450000000000001	0.9415980959311128	0.63375	
iter	6230	0.5534853814169765	0.7999999999999998	0.9353260761126876	0.66	
iter	6240	0.6828403910622001	0.7187499999999999	0.9775034915655851	0.6125000000000002	
iter	6250	0.5796140823513269	0.7700000000000001	0.9323025438934565	0.6512500000000001	
iter	6260	0.7142219785600901	0.7100000000000001	0.8583105867728591	0.6674999999999999	
iter	6270	0.6010357905179262	0.7837500000000003	0.9330128915607929	0.6550000000000001	
iter	6280	0.6762259528040886	0.7450000000000001	0.8410803368315101	0.6787500000000001	
iter	6290	0.6657085032202303	0.7487500000000001	0.9541912879794836	0.6412500000000001	
iter	6300	0.6407415233552456	0.7650000000000003	0.9314589146524668	0.63875	
iter	6310	0.7075116308405995	0.7487500000000001	0.8565150052309036	0.6875000000000002	
iter	6320	0.6460398966446519	0.7525000000000002	0.9181752959266305	0.6487500000000003	
iter	6330	0.5796153759583831	0.7862500000000001	0.9753909120336175	0.6300000000000001	
iter	6340	0.5977335562929511	0.785	0.8577355667948723	0.6675	
iter	6350	0.5655951555818319	0.785	0.9213738311082125	0.6487500000000002	
iter	6360	0.6358151631429791	0.7625000000000002	0.9566101469099522	0.63625	
iter	6370	0.712484048679471	0.71875	1.008603971451521	0.6350000000000001	
iter	6380	0.5358363799750805	0.7825000000000002	0.8442578110843897	0.6900000000000001	
iter	6390	0.5723266839049757	0.7925000000000002	1.0000345911830664	0.6187500000000001	
iter	6400	0.6061539468355477	0.7812500000000001	1.001844897866249	0.6300000000000002	
iter	6410	0.6534033697098494	0.7675000000000003	0.9379386305809021	0.63125	
iter	6420	0.6032867776229978	0.7700000000000001	0.8701145378872752	0.6362500000000001	
iter	6430	0.5986203006468713	0.7712500000000001	0.9366518035531044	0.6499999999999999	
iter	6440	0.6164858909323812	0.7625000000000002	0.978449497371912	0.6212500000000002	
iter	6450	0.6527663539163768	0.7512500000000002	0.958814263343811	0.64	
iter	6460	0.6839382350444794	0.7349999999999999	0.954830963164568	0.63625	
iter	6470	0.6341856298968196	0.7575000000000002	0.9292763089761138	0.6475	
iter	6480	0.6323620658367872	0.7687500000000004	0.9117947900667787	0.6462500000000001	
iter	6490	0.6341901584528387	0.7537500000000001	0.9397781230509281	0.6337499999999998	
iter	6500	0.7088958872482181	0.7375000000000003	0.8484424529597163	0.6787500000000002	
iter	6510	0.6801654612645507	0.7500000000000001	0.9392631240189075	0.6462500000000001	
iter	6520	0.6089071221649647	0.7725000000000002	0.928171900101006	0.6575	
iter	6530	0.6373196728527546	0.7662500000000001	0.8858067039400339	0.6650000000000001	
iter	6540	0.623875773511827	0.7762500000000002	0.8962093787267804	0.6450000000000002	
iter	6550	0.652672772295773	0.7537499999999999	0.8840808076784015	0.68625	
iter	6560	0.5964889568276703	0.7887500000000003	0.9690983630716801	0.6325000000000001	
iter	6570	0.6192223108373582	0.7375	0.8768101604655385	0.6637500000000002	
iter	6580	0.5702891629189253	0.77625	0.9368538614362478	0.6462500000000001	
iter	6590	0.5714407241903245	0.78875	0.9149707956239581	0.6662500000000002	
iter	6600	0.6047134483233094	0.7800000000000001	1.0197319742292166	0.615	
iter	6610	0.6067634730134159	0.7662500000000001	0.855049904435873	0.665	
iter	6620	0.5708029493689537	0.7812500000000001	0.9007168440148234	0.6625000000000001	
iter	6630	0.6121737193316221	0.76125	0.9659053441137075	0.6412500000000001	
iter	6640	0.5248910901136696	0.8150000000000003	0.9117762977257371	0.6437499999999999	
iter	6650	0.5949763683602214	0.77375	0.8306700512766838	0.6875000000000002	
iter	6660	0.554306551348418	0.7912500000000002	0.9649866912513971	0.6425	
iter	6670	0.6425500409677625	0.7400000000000002	0.9048395082354546	0.64875	
iter	6680	0.5959580061025918	0.7650000000000001	1.0410931091755629	0.6175000000000002	
iter	6690	0.6321430169045925	0.7725000000000002	0.9461260447278619	0.6499999999999999	
iter	6700	0.7149340342730284	0.7250000000000001	0.9118596566841006	0.6537500000000002	
iter	6710	0.6025432916358113	0.7524999999999998	0.976131858304143	0.62125	
iter	6720	0.5571574857458472	0.8125	0.916630263440311	0.6649999999999999	
iter	6730	0.5969278831034899	0.7787500000000002	0.9008447071537375	0.6762499999999999	
iter	6740	0.6836442966014147	0.7375	0.9371677795425057	0.6350000000000002	
iter	6750	0.5888569373637438	0.7875000000000003	0.9430630980059505	0.6437500000000002	
iter	6760	0.6052803974598646	0.7862500000000001	0.9154797336086631	0.6587500000000001	
iter	6770	0.631109275855124	0.7587500000000001	0.9208958921954036	0.6425000000000002	
iter	6780	0.5921026810538024	0.7750000000000001	0.924009820446372	0.6637500000000003	
iter	6790	0.6529513690620661	0.7512500000000002	0.9160968065261841	0.6499999999999999	
iter	6800	0.5995800071395934	0.77375	0.8277017408981919	0.6725000000000002	
iter	6810	0.5983977275900543	0.7712500000000002	0.932449346408248	0.62375	
iter	6820	0.6142144035547972	0.7762500000000002	1.014463746920228	0.6150000000000001	
iter	6830	0.6593247316777706	0.7549999999999999	0.957498867996037	0.6450000000000001	
iter	6840	0.6338414452038705	0.7675000000000002	0.9059654511511326	0.6487500000000003	
iter	6850	0.5461317179724574	0.7925000000000003	0.9323879526928067	0.6387499999999999	
iter	6860	0.5833468353375793	0.7837500000000002	0.9061798937618732	0.6525000000000001	
iter	6870	0.5535889375023544	0.805	0.9072970896959305	0.6400000000000001	
iter	6880	0.5847872272133827	0.7862500000000002	1.0343094235286117	0.6000000000000002	
iter	6890	0.5256593665108085	0.8037500000000003	0.8615228291600943	0.65375	
iter	6900	0.6433984600007534	0.7375000000000002	0.8628124911338091	0.66	
iter	6910	0.5795028917491436	0.78625	0.9662894243374467	0.6312500000000001	
iter	6920	0.5659693325869739	0.7862500000000001	0.966599378734827	0.6325000000000001	
iter	6930	0.6752674570307136	0.7437500000000001	0.8856289051473141	0.6550000000000001	
iter	6940	0.5651538236998022	0.7887500000000002	0.842373438179493	0.6775000000000002	
iter	6950	0.565546334721148	0.7825000000000001	0.9768335381522775	0.6212500000000001	
iter	6960	0.5968148717656732	0.7650000000000001	0.9300815453752875	0.6562500000000001	
iter	6970	0.6379843270406127	0.7425000000000003	0.8899844763800502	0.65375	
iter	6980	0.635884081479162	0.7650000000000001	0.9538175584748387	0.63375	
iter	6990	0.5783481989055872	0.7724999999999999	0.943212510086596	0.62625	
iter	7000	0.6540073598735034	0.77125	0.9181499183177948	0.64375	
iter	7010	0.5971926832571626	0.7775000000000001	0.8823884483426809	0.6749999999999999	
iter	7020	0.6097691911272705	0.7637500000000002	0.9178468072786927	0.6587500000000002	
iter	7030	0.6492744493298233	0.745	0.9934250060468912	0.6212500000000002	
iter	7040	0.5437369351275265	0.79875	0.8915916737169027	0.6612499999999999	
iter	7050	0.6939171496778727	0.7400000000000001	0.9512981902807951	0.6300000000000001	
iter	7060	0.5596861382946372	0.7912500000000001	0.8530730437487364	0.6775000000000002	
iter	7070	0.623575109988451	0.7562500000000001	0.8641107110306621	0.665	
iter	7080	0.5987680945545435	0.7675000000000001	0.889109417796135	0.6487500000000002	
iter	7090	0.6054169293493032	0.7562500000000002	0.8817300167866051	0.6700000000000002	
iter	7100	0.5938066602684557	0.7775000000000002	0.9577688397839665	0.6412499999999999	
iter	7110	0.5694276955910027	0.7987500000000001	0.935466168448329	0.62875	
iter	7120	0.6333657298237085	0.7587500000000001	0.8937885798513889	0.6625000000000001	
iter	7130	0.5919494824483991	0.7799999999999999	0.868792001157999	0.69	
iter	7140	0.60297875944525	0.77	0.9308167565613985	0.6387499999999998	
iter	7150	0.5686810617335141	0.7925	0.9154548579826951	0.6312500000000002	
iter	7160	0.5883581563830376	0.7749999999999999	1.0405534766614437	0.6024999999999999	
iter	7170	0.6875485759228468	0.75375	0.8811281286180019	0.67	
iter	7180	0.5992738544009626	0.7812500000000003	0.977470999583602	0.6300000000000001	
iter	7190	0.6959591805934906	0.7575000000000003	0.9027942093089223	0.6575000000000001	
iter	7200	0.5632316663395613	0.7887500000000003	0.9634443707764149	0.6462500000000001	
iter	7210	0.5426998985931277	0.7812500000000003	0.9542202884331346	0.6412500000000001	
iter	7220	0.5364978516008705	0.7912500000000002	1.04733931645751	0.6075	
iter	7230	0.6479391208849847	0.7550000000000001	0.9360568895936012	0.6525	
iter	7240	0.5699030845426023	0.7800000000000001	0.8764314241707325	0.6687500000000002	
iter	7250	0.5694642085582018	0.7887500000000001	0.8858510404825211	0.66	
iter	7260	0.6229384643957019	0.7600000000000002	0.9101331457495689	0.65375	
iter	7270	0.6088037518784404	0.7762500000000001	0.854848618619144	0.6800000000000002	
iter	7280	0.5390324899926782	0.7900000000000001	1.0665392205119133	0.5975	
iter	7290	0.6170393801294267	0.7625	1.0523401200771332	0.58875	
iter	7300	0.5622987356036901	0.775	0.8879773570224643	0.6637500000000001	
iter	7310	0.5794723643921316	0.7862500000000002	1.0089876092970371	0.62375	
iter	7320	0.626533511094749	0.7587500000000001	1.0485431412234902	0.61	
iter	7330	0.6055694613605738	0.7600000000000001	0.8533072920981795	0.6850000000000002	
iter	7340	0.6523878471925855	0.7775000000000003	1.0700111063197255	0.6112500000000001	
iter	7350	0.6091634016484022	0.7575000000000001	1.0323602687567472	0.6037500000000001	
iter	7360	0.5901263235136867	0.7875000000000001	0.8993138782680035	0.6737500000000001	
iter	7370	0.5846312623471022	0.7875000000000002	0.884860809892416	0.6487500000000002	
iter	7380	0.6269184066914022	0.76875	1.0755122695118189	0.6087500000000001	
iter	7390	0.6356593566015363	0.775	0.9774542981758714	0.6437500000000002	
iter	7400	0.5856662457808852	0.7637500000000002	0.85530143417418	0.68125	
iter	7410	0.5838214526884258	0.7637500000000002	0.9312224220484495	0.665	
iter	7420	0.5536573524586856	0.8025	0.8634075578302145	0.6812500000000001	
iter	7430	0.6867167507298291	0.74875	1.015799980610609	0.61875	
iter	7440	0.6025829478166997	0.7925000000000003	0.9065501308068633	0.6524999999999999	
iter	7450	0.6162884151563048	0.7687500000000003	0.9522146787494421	0.6362500000000001	
iter	7460	0.5925996350124478	0.7725000000000003	0.8877603299915791	0.6487500000000002	
iter	7470	0.5637194020673633	0.7812500000000003	0.8790240259841084	0.64625	
iter	7480	0.6556878192350268	0.7425000000000002	0.881910384632647	0.6474999999999999	
iter	7490	0.6313217077404261	0.7575000000000002	0.9690977586433291	0.6225000000000002	
iter	7500	0.6544125727377832	0.7537500000000001	0.9664658065885305	0.6475	
iter	7510	0.666881587356329	0.7550000000000001	0.9429868776351213	0.6412500000000002	
iter	7520	0.6311926511116326	0.7637500000000002	0.8712516538798809	0.69375	
iter	7530	0.6299817911349237	0.7575000000000001	1.038648284971714	0.5974999999999999	
iter	7540	0.6269875578582287	0.7862500000000001	0.9537932891398668	0.63375	
iter	7550	0.6210043849423528	0.7512500000000002	0.9547300944104791	0.64	
iter	7560	0.6387847987934947	0.7625000000000001	0.9503335375338793	0.6162500000000001	
iter	7570	0.6408865498378873	0.7500000000000001	0.9304499868303537	0.6300000000000001	
iter	7580	0.5890988488681614	0.755	0.9318654853850603	0.6525	
iter	7590	0.5870801829732955	0.7562500000000001	0.8887560199946165	0.6600000000000001	
iter	7600	0.6582183120772243	0.7500000000000003	0.9406387126073241	0.6462499999999999	
iter	7610	0.5155421225354075	0.8012500000000002	1.0156414583325386	0.6149999999999999	
iter	7620	0.6471203630790114	0.7550000000000001	0.9807863552123308	0.62125	
iter	7630	0.5819412153214216	0.7862500000000001	0.9883638825267553	0.62875	
iter	7640	0.5752383726648986	0.7862500000000002	0.9169646510854363	0.6575000000000001	
iter	7650	0.5625983430072665	0.7837500000000004	0.916041886433959	0.65375	
iter	7660	0.5697156558744609	0.7975000000000001	0.9569823211058974	0.6425000000000001	
iter	7670	0.6496820156462491	0.7462500000000002	0.8774337386712432	0.655	
iter	7680	0.6312033608555794	0.76875	0.8958209659904242	0.655	
iter	7690	0.5604626755230129	0.7900000000000001	0.931582486256957	0.6412500000000002	
iter	7700	0.5098409005440772	0.8062500000000004	0.91565733961761	0.6475000000000003	
iter	7710	0.6077858209609985	0.7587500000000001	0.9047874920070171	0.6550000000000001	
iter	7720	0.5673119509592652	0.7875000000000001	0.8852622909471393	0.6712500000000002	
iter	7730	0.6462643779814243	0.7537499999999999	0.9897319842129946	0.6337500000000001	
iter	7740	0.5748210861347616	0.78625	1.0186624862253666	0.6112500000000001	
iter	7750	0.5908373557031155	0.77125	0.9598136264830828	0.6325	
iter	7760	0.5729382624849677	0.7925000000000001	0.9598648780956864	0.6425000000000001	
iter	7770	0.5750008430331945	0.7875000000000001	0.879738362506032	0.67625	
iter	7780	0.5371674792841077	0.7975000000000002	0.9922815971076488	0.6262500000000002	
iter	7790	0.6147559685632586	0.7412500000000002	0.8917001634836197	0.67125	
iter	7800	0.5292952512390912	0.7925000000000002	1.0081028752028942	0.6112500000000001	
iter	7810	0.6534275403246284	0.73875	1.0272796461358666	0.63125	
iter	7820	0.6117767537944019	0.7512500000000002	0.8657252918928862	0.6662500000000001	
iter	7830	0.6107797087170184	0.7650000000000002	1.0158473867923021	0.62125	
iter	7840	0.6399012496694922	0.7437499999999999	0.984137661755085	0.6350000000000001	
iter	7850	0.6278264275752008	0.7575000000000002	0.8346900455653667	0.6837500000000001	
iter	7860	0.6728070485405624	0.76875	0.8579636658541858	0.69875	
iter	7870	0.6206601271405816	0.7750000000000004	0.8769503012299538	0.6700000000000002	
iter	7880	0.5586457876488566	0.7900000000000001	0.928463595919311	0.6500000000000001	
iter	7890	0.5532081928104162	0.8025	1.0246141701936722	0.6174999999999999	
iter	7900	0.5979964938014746	0.7762500000000001	0.9758512396365404	0.6300000000000002	
iter	7910	0.6231395080685616	0.7749999999999999	0.919381788931787	0.6662500000000001	
iter	7920	0.6128204315900803	0.7712500000000002	0.9531528055667877	0.6400000000000002	
iter	7930	0.598700178321451	0.7712499999999999	0.9467026758939028	0.655	
iter	7940	0.5987505484372377	0.7737500000000002	0.8463954944163561	0.6900000000000001	
iter	7950	0.6373155526816845	0.7650000000000002	0.9033788125962019	0.6475	
iter	7960	0.5836270283907652	0.7750000000000001	0.9758046939969063	0.6337500000000001	
iter	7970	0.5829821303486824	0.7774999999999999	0.9634812893345952	0.63375	
iter	7980	0.6289229672402143	0.7687500000000002	0.9221086362376809	0.655	
iter	7990	0.5329853147268295	0.7899999999999999	0.9060402251780033	0.665	
iter	8000	0.5869399681687355	0.7750000000000002	0.9570688330568373	0.6475000000000003	
iter	8010	0.5781042044982314	0.7750000000000002	0.915805890224874	0.6450000000000001	
iter	8020	0.6056243400089443	0.7737500000000002	0.9769721180200577	0.63625	
iter	8030	0.5609361226670444	0.7975000000000001	0.9804474920965731	0.6387500000000002	
iter	8040	0.5245402893051505	0.7937500000000001	0.9553848635405302	0.6287500000000001	
iter	8050	0.6159727079793811	0.7625000000000001	0.8838581219315529	0.6587500000000002	
iter	8060	0.5862235920503736	0.7825000000000002	0.8801946099847555	0.6637500000000001	
iter	8070	0.6513504963368177	0.7575000000000002	0.9414418861269951	0.625	
iter	8080	0.603774362243712	0.77125	0.9340732302516699	0.65375	
iter	8090	0.5561751816421747	0.7812500000000002	0.9690317464992404	0.6387500000000002	
iter	8100	0.6577009502798319	0.7550000000000002	0.9643194638192654	0.6537499999999999	
iter	8110	0.5986933032982051	0.7749999999999999	0.9707738133147359	0.6450000000000001	
iter	8120	0.6175761157646775	0.7550000000000001	0.9861458502709866	0.6137500000000001	
iter	8130	0.6260656202211976	0.7725000000000003	0.8661522483453155	0.6749999999999999	
iter	8140	0.5401092218235135	0.80875	0.9438037248328328	0.6275000000000001	
iter	8150	0.5894128000363708	0.7850000000000003	0.9627669993788004	0.6300000000000001	
iter	8160	0.5262324772775173	0.8000000000000002	0.8704343885183334	0.6774999999999999	
iter	8170	0.6220122184604406	0.7762500000000001	0.9243134399875998	0.6437500000000002	
iter	8180	0.5489462651312351	0.7925000000000002	0.8650300744920969	0.6599999999999999	
iter	8190	0.6711828503757715	0.7450000000000003	0.8743622107431293	0.6712500000000002	
iter	8200	0.5841059582307935	0.7800000000000004	0.9293083203956485	0.6524999999999999	
iter	8210	0.5642729350365698	0.79625	1.0292540732771158	0.5987500000000002	
iter	8220	0.6560636716894805	0.7387499999999999	0.9739012569189072	0.6175000000000002	
iter	8230	0.5931174480356276	0.7812500000000001	0.9125890685245395	0.65375	
iter	8240	0.5790100325830281	0.7925000000000002	1.0141422003507614	0.6125000000000002	
iter	8250	0.5926191713660955	0.7637500000000003	0.963051781989634	0.6387499999999999	
iter	8260	0.5943118222057819	0.7775000000000003	0.9535740409046412	0.63375	
iter	8270	0.5868490817956626	0.7675000000000001	0.9304859433323145	0.6512499999999999	
iter	8280	0.5951714245602489	0.7737499999999999	0.8545078206807375	0.6687500000000002	
iter	8290	0.657125536352396	0.7450000000000002	0.9007049314677715	0.6537499999999999	
iter	8300	0.5884343041107059	0.7737499999999999	0.9481533160433173	0.6562500000000001	
iter	8310	0.6742332251742482	0.74375	0.934839790686965	0.6337499999999999	
iter	8320	0.6674409215338528	0.74125	1.0086615486070514	0.5962500000000001	
iter	8330	0.5728497579693794	0.7800000000000001	1.059061361476779	0.6037500000000001	
iter	8340	0.6169953239150345	0.7837500000000002	0.9120516981929541	0.6600000000000001	
iter	8350	0.5727648166939616	0.7962500000000002	0.9761861991137266	0.62875	
iter	8360	0.7173338430002332	0.7387500000000001	0.9280188344419003	0.6587500000000002	
iter	8370	0.6305777905508876	0.7637500000000003	0.8960841037333012	0.66875	
iter	8380	0.537760732229799	0.8012500000000001	0.8711763229221106	0.6575000000000001	
iter	8390	0.5720423078164458	0.7700000000000001	0.9608196327462792	0.64	
iter	8400	0.6285594310611486	0.7625000000000002	0.9913775902241468	0.6275000000000002	
iter	8410	0.5725487861782312	0.78	0.9408598793670535	0.6425	
iter	8420	0.5891023622825742	0.765	0.9486572593450546	0.6375000000000003	
iter	8430	0.6241266001015902	0.76875	0.9827905735000968	0.6262500000000001	
iter	8440	0.574368922971189	0.7875000000000002	0.9277601251378655	0.6400000000000001	
iter	8450	0.5954857668839395	0.7850000000000001	0.915839166380465	0.6462500000000002	
iter	8460	0.6799727296456695	0.7425	1.0027252715080976	0.6300000000000001	
iter	8470	0.5752655318938196	0.7900000000000001	0.9522405508905649	0.6224999999999999	
iter	8480	0.6924340040422976	0.7375000000000003	0.9744034446775913	0.6125000000000002	
iter	8490	0.573169656097889	0.7975000000000002	0.9164182366803288	0.64	
iter	8500	0.5976463137194514	0.7712500000000001	0.9965097745880485	0.6300000000000001	
iter	8510	0.587338047567755	0.7637500000000002	0.9714651368558407	0.6375	
iter	8520	0.5699191321618855	0.7875000000000001	0.9670830722898245	0.6362500000000003	
iter	8530	0.6425900096073747	0.7550000000000001	0.8981152884662151	0.6575	
iter	8540	0.6319842468947172	0.7712500000000003	0.8620263244956732	0.65375	
iter	8550	0.6305743623524904	0.7712500000000001	0.9486550008878112	0.64875	
iter	8560	0.56226592278108	0.7875	0.8817496877163649	0.6675000000000002	
iter	8570	0.5933552109636366	0.7625000000000001	0.869148600846529	0.6825	
iter	8580	0.6387043395079672	0.7500000000000001	0.8279689373448491	0.6662499999999999	
iter	8590	0.5607118019834161	0.7975	0.9621552070602775	0.6275000000000002	
iter	8600	0.6391509575769305	0.7625000000000002	0.9574058763682842	0.64	
iter	8610	0.5533779272809625	0.79625	0.8333108816295862	0.6825	
iter	8620	0.5930930417962372	0.7775000000000002	0.9002558458596468	0.6525000000000001	
iter	8630	0.5902045308612287	0.7712500000000001	0.8923655729740858	0.65	
iter	8640	0.563247669255361	0.7962500000000001	0.8526928089559078	0.6699999999999999	
iter	8650	0.6268086433410645	0.7712500000000001	0.9761471087113023	0.6537499999999999	
iter	8660	0.5857984349131584	0.7787500000000002	0.9324459377676249	0.6675000000000002	
iter	8670	0.5758882281370461	0.78125	0.917001127731055	0.6624999999999999	
iter	8680	0.5810883296653628	0.77	0.9358564605936408	0.6475000000000001	
iter	8690	0.6913442080840468	0.7337500000000003	0.9170002490282059	0.6612500000000001	
iter	8700	0.5743507156148553	0.7937500000000003	0.8500645412132144	0.6825	
iter	8710	0.5821284207049757	0.7862500000000002	0.9154060063883662	0.65625	
iter	8720	0.70559684606269	0.7312500000000002	0.8220283193513751	0.6887500000000002	
iter	8730	0.7072498523630202	0.7312500000000002	0.9343670215457678	0.63875	
iter	8740	0.6534945808816701	0.7575000000000001	0.9643762782216072	0.63375	
iter	8750	0.6597018074244261	0.7450000000000003	0.8400157708674669	0.6775000000000002	
iter	8760	0.6529592941515148	0.7525000000000003	0.9731524810194969	0.6375000000000002	
iter	8770	0.538968094624579	0.7912500000000001	0.974941523745656	0.6412499999999998	
iter	8780	0.6108996751718223	0.7699999999999999	0.9722215048968792	0.6137500000000001	
iter	8790	0.5397719973698258	0.8000000000000003	0.9436557777225971	0.6325000000000001	
iter	8800	0.6103712054900825	0.7600000000000001	0.9531808942556381	0.6575000000000001	
iter	8810	0.6224925247952342	0.7525000000000002	0.9041838031262159	0.6575000000000002	
iter	8820	0.5060268673114479	0.8012500000000002	0.9385709380730987	0.6375	
iter	8830	0.7099460512399673	0.74375	0.8762903902679682	0.6475000000000002	
iter	8840	0.6153828599490225	0.7725	0.9410251565277576	0.6275	
iter	8850	0.5457370597869158	0.8075000000000001	0.927924987860024	0.6537500000000002	
iter	8860	0.5695690182037652	0.7837500000000002	0.8820026637986302	0.6675	
iter	8870	0.5687138484790921	0.7837500000000001	0.9735785899683833	0.63	
iter	8880	0.5893188980408013	0.7862500000000003	0.9772753333672881	0.6337500000000003	
iter	8890	0.5544225061312318	0.7900000000000001	0.9063145183026791	0.6550000000000002	
iter	8900	0.5134536726400256	0.8000000000000003	0.9454440027475357	0.62375	
iter	8910	0.5511648813262582	0.7912500000000002	0.8760500559583306	0.6825000000000001	
iter	8920	0.613800857681781	0.7625000000000002	0.9667832851409912	0.6325000000000002	
iter	8930	0.6623641913756728	0.7475	1.0290229627862573	0.62125	
iter	8940	0.6027738600969315	0.7625000000000002	0.9779615886509418	0.6300000000000001	
iter	8950	0.5768054388463497	0.7912500000000001	0.9621185064315796	0.6300000000000002	
iter	8960	0.6051113149151206	0.7875000000000001	0.9032543636858463	0.66	
iter	8970	0.5659087086096406	0.7850000000000001	0.9804271291941404	0.6150000000000001	
iter	8980	0.6345812175422907	0.7625000000000001	0.9555316641926765	0.6337499999999999	
iter	8990	0.614881610032171	0.7512500000000002	1.0083327125757933	0.6174999999999999	
iter	9000	0.5475502498447895	0.8000000000000002	0.9505189526826143	0.6362499999999999	
iter	9010	0.5266536427661777	0.8100000000000002	0.9021821022033691	0.6700000000000003	
iter	9020	0.6438301978632808	0.75	0.8838794901967049	0.6537499999999999	
iter	9030	0.587589745875448	0.7812500000000001	0.9782732352614403	0.62875	
iter	9040	0.6488410118035972	0.75	0.8868128433823586	0.67	
iter	9050	0.675460840575397	0.7325000000000002	0.8905611475929618	0.6775000000000002	
iter	9060	0.5951341041363776	0.7625000000000003	0.9436828680336475	0.6500000000000001	
iter	9070	0.612143640872091	0.7337500000000001	0.9409597394987941	0.6375000000000001	
iter	9080	0.5722727342508733	0.7775000000000001	0.9103281795978546	0.675	
iter	9090	0.5421849456615746	0.8025000000000002	0.9574129041284323	0.6237499999999999	
iter	9100	0.5777801251970232	0.7887500000000002	0.9350894689559937	0.6437500000000002	
iter	9110	0.5250866622664034	0.7975000000000001	0.8892049044370651	0.6575	
iter	9120	0.6387519836425781	0.7775000000000001	0.8883080668747425	0.6687500000000001	
iter	9130	0.6416197707876563	0.7462500000000001	0.933333364315331	0.6412500000000001	
iter	9140	0.6429511532187462	0.7600000000000002	0.8359744288027287	0.6725000000000001	
iter	9150	0.5768064530566335	0.7637500000000003	0.9106413321569562	0.6437499999999999	
iter	9160	0.5728439670056105	0.7837500000000002	0.9753438234329224	0.6300000000000002	
iter	9170	0.651450312230736	0.7562500000000003	0.9951944425702095	0.6037500000000001	
iter	9180	0.5687090689316392	0.7862499999999999	0.86783760599792	0.6749999999999999	
iter	9190	0.6487595736980438	0.7575	0.9930318985134363	0.62875	
iter	9200	0.5718275406397879	0.7875000000000002	0.8894785866141319	0.6675000000000001	
iter	9210	0.6555543942376971	0.76375	0.9200092628598213	0.65	
iter	9220	0.560353372246027	0.8037499999999999	0.8801063075661659	0.65375	
iter	9230	0.5374340252019465	0.80875	0.9936787057667971	0.6275	
iter	9240	0.5270711344201118	0.805	0.8520824424922466	0.6725	
iter	9250	0.5674255206249654	0.7900000000000001	0.8755195280537009	0.6600000000000003	
iter	9260	0.5352347837761045	0.7937500000000003	0.884077827911824	0.66625	
iter	9270	0.6348676523193717	0.77375	1.02252462413162	0.6087500000000001	
iter	9280	0.5489435596391559	0.795	1.029454717412591	0.605	
iter	9290	0.6330422218888998	0.7612500000000001	0.8227667268365622	0.6737500000000001	
iter	9300	0.5783078838139772	0.7875	1.1219785902649164	0.5862499999999999	
iter	9310	0.5078954929485917	0.80125	0.920085109770298	0.6462500000000002	
iter	9320	0.5904602641239762	0.7700000000000001	0.8784324452280998	0.6687500000000002	
iter	9330	0.5699780648574233	0.7900000000000001	0.9379340298473835	0.66125	
iter	9340	0.6444810414686799	0.7425	0.8869922375306487	0.68625	
iter	9350	0.6489559421315789	0.7412500000000001	0.96181520819664	0.6287499999999999	
iter	9360	0.6152304406277835	0.7687500000000002	0.8845653664320707	0.67625	
iter	9370	0.6043910393491387	0.7700000000000001	0.9961381042376161	0.645	
iter	9380	0.5567696001380682	0.7825000000000002	0.9140148404985666	0.6437499999999999	
iter	9390	0.6418709196150303	0.7550000000000001	0.8807593816891313	0.6537500000000003	
iter	9400	0.6223556781187654	0.77375	0.9178954577073455	0.6512500000000001	
iter	9410	0.5075206663459539	0.7912500000000001	0.9895873051136732	0.6300000000000002	
iter	9420	0.4759047497063875	0.8075000000000001	0.920323271304369	0.6575000000000001	
iter	9430	0.6268888958729804	0.7625000000000002	0.9888859167695045	0.6275000000000002	
iter	9440	0.5224447227083147	0.8150000000000003	0.9216593122109771	0.6725	
iter	9450	0.5870617954060435	0.7775000000000001	0.9922459674999118	0.62125	
iter	9460	0.6766620529815555	0.7512500000000001	0.9600017387419939	0.6387500000000002	
iter	9470	0.5868241554126143	0.7850000000000001	0.8637752812355757	0.6762500000000002	
iter	9480	0.582237777300179	0.7812499999999999	1.027723497711122	0.64125	
iter	9490	0.5629412950947881	0.7800000000000001	0.9818069823086262	0.6250000000000001	
iter	9500	0.5569194531999528	0.7950000000000002	0.9108046088367701	0.6512500000000001	
iter	9510	0.682492031250149	0.7425	1.040229101665318	0.60125	
iter	9520	0.5696461470797658	0.7875000000000001	0.9355195630341768	0.6375	
iter	9530	0.571585294790566	0.7887500000000003	0.9511207155883312	0.645	
iter	9540	0.6810541702434421	0.7237500000000001	0.8915045661851764	0.6750000000000003	
iter	9550	0.5664037275128067	0.7975000000000001	0.9079032083973289	0.65375	
iter	9560	0.6813101037405431	0.7400000000000003	0.9939714875072241	0.6337499999999998	
iter	9570	0.540897355414927	0.7950000000000002	0.930826811119914	0.6425	
iter	9580	0.5657225335016847	0.7887500000000001	0.9952182341367006	0.6287499999999999	
iter	9590	0.6749265678226948	0.7400000000000003	0.9804648254066706	0.6525000000000001	
iter	9600	0.5567849520593882	0.77375	0.9351677428930998	0.6375	
iter	9610	0.6317610456608236	0.7650000000000001	0.9305728115141392	0.6475000000000001	
iter	9620	0.6222714344039559	0.7712500000000002	0.7833002116531134	0.6987500000000001	
iter	9630	0.5626167678274214	0.7762500000000003	0.8846063064411283	0.655	
iter	9640	0.5727901868522167	0.7925000000000002	0.9103190330788493	0.6562500000000001	
iter	9650	0.6079087350517511	0.7887500000000002	0.889384682290256	0.6762500000000004	
iter	9660	0.6540145697072148	0.75375	0.8634599521756172	0.66125	
iter	9670	0.5488148382864892	0.7837500000000001	0.8885352285578847	0.6625000000000001	
iter	9680	0.5576773146167397	0.7875000000000003	0.8942470140755177	0.6537500000000002	
iter	9690	0.5917855850420892	0.77625	0.8975364612415433	0.67875	
iter	9700	0.664570651948452	0.75375	0.9314280869439244	0.66875	
iter	9710	0.5923067191615701	0.7712500000000001	0.8883702848106623	0.6475	
iter	9720	0.6126543805003166	0.7737500000000002	0.9525957647711039	0.6425	
iter	9730	0.6095160106197	0.7562500000000002	0.9046726925298572	0.6512500000000001	
iter	9740	0.5994688519276679	0.7662500000000003	0.9060700051486492	0.6512500000000001	
iter	9750	0.5845269691199064	0.7900000000000003	0.9007687401026487	0.6662499999999999	
iter	9760	0.540457914583385	0.8000000000000002	0.9416384808719158	0.6687500000000002	
iter	9770	0.5468130884692073	0.7762500000000001	0.9934389889240265	0.6312500000000003	
iter	9780	0.6030602138489485	0.785	0.9660403449088335	0.6175	
iter	9790	0.6475344831123948	0.7512500000000002	0.9566021282225847	0.6362500000000001	
iter	9800	0.6223617098294199	0.7487500000000002	0.9080978101119399	0.6712499999999999	
iter	9810	0.5988532337360084	0.76125	0.8619824824854732	0.6912500000000003	
iter	9820	0.5806902325712144	0.77875	0.854871534742415	0.6587500000000002	
iter	9830	0.5575959263369441	0.7987500000000001	0.8200992159545422	0.6850000000000002	
iter	9840	0.54112185863778	0.7887500000000003	0.8648966792970896	0.6475	
iter	9850	0.6953746760264039	0.7437499999999999	0.9329476673156023	0.64	
iter	9860	0.5689078457653522	0.7975000000000002	0.9015585258603096	0.6712500000000002	
iter	9870	0.6974603165872395	0.7175000000000002	0.8269145656377077	0.69125	
iter	9880	0.5831874366849661	0.7987500000000002	1.0286340527236462	0.60875	
iter	9890	0.5465401611290872	0.7962500000000001	0.9073974201455712	0.6699999999999999	
iter	9900	0.6357844020240009	0.745	0.9423801973462105	0.6375000000000001	
iter	9910	0.5801259824074805	0.7862500000000001	0.9546388946473598	0.6225	
iter	9920	0.6110735514666885	0.7625000000000001	0.9411182478070259	0.6475	
iter	9930	0.6070329151116312	0.77375	0.9325108509510756	0.6675000000000002	
iter	9940	0.598818592261523	0.7787500000000002	0.9453832749277353	0.6575000000000001	
iter	9950	0.6291525447741151	0.7650000000000001	0.9283860279247165	0.645	
iter	9960	0.5888553149998188	0.7737499999999999	0.935264065861702	0.65375	
iter	9970	0.5952431135810912	0.7687500000000002	0.9998135007917881	0.61375	
iter	9980	0.6265966235660017	0.7662499999999999	0.8609789260663092	0.6750000000000003	
iter	9990	0.6645417585968971	0.7487500000000001	1.010014840401709	0.6262500000000002	
iter	10000	0.5865890933200717	0.7837500000000003	0.931391041725874	0.6512500000000001	
