iter	1	1.5869416224956512	0.5249600000000003	1.5102380204200745	0.5428400000000009	
iter	2	1.1451793353557587	0.6186600000000015	1.0669675308465958	0.6070800000000014	
iter	3	0.9922007317841053	0.6683800000000002	0.9596064840555191	0.6438800000000005	
iter	4	0.9105369059741497	0.6927599999999996	0.9288181317150592	0.6534600000000005	
iter	5	0.8668637268543243	0.7093800000000005	0.8978345151543617	0.6663000000000013	
iter	6	0.8346220770478249	0.7182600000000001	0.8823900229334831	0.6703400000000004	
iter	7	0.8136166387498379	0.7251199999999995	0.8566376745402813	0.680060000000001	
iter	8	0.7860054158568383	0.7356999999999992	0.837527292996645	0.6877800000000011	
iter	9	0.7849517256319523	0.7337199999999999	0.846096083521843	0.6836200000000012	
iter	10	0.7573497466295958	0.7431199999999999	0.8303771703541278	0.6922400000000006	
iter	11	0.7537887297123671	0.7446600000000014	0.8155607037246227	0.69662	
iter	12	0.7335792152136564	0.7517600000000002	0.8148994618356228	0.6951000000000003	
iter	13	0.7308381394296884	0.7539999999999999	0.8086109630167484	0.6986400000000009	
iter	14	0.7341208546459674	0.75196	0.8133285508155823	0.6949399999999998	
iter	15	0.7315445810705423	0.7506199999999994	0.8088220284581185	0.6977000000000003	
iter	16	0.7258882391750813	0.7520799999999999	0.7965477631390094	0.70032	
iter	17	0.7229324275553226	0.753059999999999	0.8065116567313672	0.6995200000000023	
iter	18	0.7167316771894693	0.7585799999999987	0.8006414496302605	0.69736	
iter	19	0.7111117305457592	0.7591799999999996	0.782370958775282	0.7070800000000009	
iter	20	0.7069568211883307	0.7585000000000006	0.7896957189440728	0.7022199999999994	
iter	21	0.6909747869223356	0.7668599999999987	0.7876556785702705	0.703520000000001	
iter	22	0.7095167560949922	0.7571199999999997	0.7899748321175575	0.7023200000000003	
iter	23	0.6976253361105919	0.7630800000000011	0.7810203753709793	0.7081999999999996	
iter	24	0.7080633475631476	0.7584200000000001	0.7949054684042931	0.7017000000000008	
iter	25	0.6864320370852948	0.7671000000000009	0.779579053401947	0.70684	
iter	26	0.6930608256012202	0.7643399999999992	0.7875904868245125	0.7020600000000011	
iter	27	0.6760608419924975	0.7716599999999987	0.7733558194339275	0.7123199999999997	
iter	28	0.6825726744830608	0.7680599999999997	0.7837552742362023	0.7053800000000007	
iter	29	0.6808463591337204	0.7667800000000002	0.7743466948568821	0.7074200000000003	
iter	30	0.6866661946177482	0.7673400000000002	0.7708807798326015	0.7113800000000009	
iter	31	0.6817234867736697	0.7690199999999991	0.7889762389957905	0.7039200000000014	
iter	32	0.6837256461530924	0.7687200000000001	0.7868914440274238	0.7064199999999996	
iter	33	0.6854667340517044	0.7668399999999993	0.7899561178982257	0.7045999999999989	
iter	34	0.68404117795825	0.7676600000000005	0.7827824642062187	0.7040800000000004	
iter	35	0.6694743153899908	0.7710199999999998	0.7894032876193523	0.7047799999999999	
iter	36	0.6850653969198466	0.7688	0.78038780143857	0.7048800000000008	
iter	37	0.6688738018348813	0.7736399999999991	0.7864383784234523	0.7028800000000002	
iter	38	0.6729870029836893	0.7722199999999995	0.7772033745646477	0.7089400000000011	
iter	39	0.6812732629328966	0.7675399999999994	0.780175588876009	0.7075600000000009	
iter	40	0.674972562238574	0.7702199999999989	0.7689201504588127	0.7105800000000004	
iter	41	0.6746897320896387	0.7718000000000014	0.7847672909200192	0.7073400000000003	
iter	42	0.6807129093408585	0.7698000000000002	0.7789520314633847	0.7012399999999998	
iter	43	0.6719985560625792	0.772219999999999	0.7804858373999596	0.7051199999999983	
iter	44	0.6807944056242704	0.7665799999999994	0.7789996362030506	0.7101800000000006	
iter	45	0.6682209276407957	0.7737799999999981	0.7752846124768257	0.70674	
iter	46	0.6828315014392138	0.7687599999999979	0.77274496114254	0.7089799999999998	
iter	47	0.6609567536711692	0.7766000000000001	0.7889991353750229	0.7020000000000012	
iter	48	0.6768043177425861	0.7682800000000004	0.7740323762595653	0.7091800000000008	
iter	49	0.6733573861718177	0.7714599999999993	0.7715895971953869	0.7119400000000004	
iter	50	0.6707151384949684	0.7720799999999983	0.7783503547608852	0.7063200000000004	
iter	51	0.6689817523360252	0.7720800000000003	0.7821586899757386	0.7047000000000013	
iter	52	0.676714082762599	0.7709600000000008	0.7708337489664555	0.7121199999999993	
iter	53	0.6706838647574186	0.7736400000000008	0.7785284345149994	0.7083000000000003	
iter	54	0.6744572481513024	0.7708399999999995	0.7699940609037876	0.7092399999999999	
iter	55	0.6763127014935016	0.7697399999999996	0.77795394256711	0.7064600000000008	
iter	56	0.6790038255900145	0.7691600000000013	0.7832941882908344	0.7034200000000003	
iter	57	0.6667497036457062	0.7742600000000007	0.7824188810288906	0.7052999999999997	
iter	58	0.6624097510427237	0.7736800000000003	0.7782068867385388	0.7081199999999995	
iter	59	0.671701591387391	0.7703599999999988	0.7670027349889278	0.7105600000000003	
iter	60	0.6686612219661474	0.7716199999999998	0.7682592326402664	0.7097799999999999	
iter	61	0.6604196999669075	0.7750599999999996	0.7809373209476471	0.7080800000000004	
iter	62	0.684587673470378	0.7696199999999991	0.7684950674474239	0.7113799999999995	
iter	63	0.6758659685105085	0.7688600000000001	0.7807554707527161	0.7078799999999995	
iter	64	0.6793584187477827	0.7685599999999986	0.7707648831009865	0.7081200000000006	
iter	65	0.6737730168104171	0.7700599999999995	0.7864392555058003	0.7068000000000004	
iter	66	0.6630969290584325	0.7750799999999987	0.7783313762843609	0.7086999999999999	
iter	67	0.6649122122079134	0.7736599999999992	0.7723368572294712	0.7101199999999996	
iter	68	0.6621020286679268	0.7747999999999998	0.77172164234519	0.7098400000000005	
iter	69	0.6665348736643791	0.7723599999999986	0.7824397741556167	0.7061399999999997	
iter	70	0.6657471814751625	0.7732799999999996	0.7688753385841847	0.7106599999999997	
iter	71	0.6744182721972466	0.7713800000000014	0.7657574999332428	0.7135600000000004	
iter	72	0.6627374035418033	0.77332	0.7869017849564552	0.7040399999999992	
iter	73	0.6665446868240833	0.7730800000000003	0.7751427618265152	0.7096999999999998	
iter	74	0.6670811096429825	0.772720000000002	0.779303606301546	0.7075799999999995	
iter	75	0.6732296010702848	0.7723400000000001	0.7825274185538292	0.7028399999999997	
iter	76	0.660066030845046	0.7761799999999998	0.7760970883965492	0.7078600000000012	
iter	77	0.6684519943594932	0.7710400000000005	0.7676135395467282	0.7111799999999998	
iter	78	0.6687497710883618	0.7721199999999994	0.7901406083106994	0.7049600000000009	
iter	79	0.6692717664837837	0.7735800000000002	0.7654255151450634	0.7110599999999998	
iter	80	0.682905143931508	0.7692600000000003	0.7798001446127891	0.704140000000001	
iter	81	0.6546643819361925	0.7769000000000004	0.7791034937798977	0.7030400000000001	
iter	82	0.6696534486413002	0.7700400000000014	0.7752281455546618	0.7053599999999998	
iter	83	0.6648656243532896	0.7734200000000004	0.7793534428179264	0.706779999999999	
iter	84	0.661246712833643	0.7750599999999996	0.7674498430639506	0.7127800000000006	
iter	85	0.6696609636992216	0.7713199999999999	0.7718485644757748	0.7084399999999996	
iter	86	0.6663519206047058	0.7708599999999984	0.7839789329767227	0.7075600000000004	
iter	87	0.6640349146723747	0.773759999999999	0.7759209996312857	0.7067400000000009	
iter	88	0.6636119089126586	0.7740199999999992	0.7720273349136114	0.7080600000000005	
iter	89	0.6700291444957256	0.7723200000000008	0.7790149512290955	0.7052600000000013	
iter	90	0.6735895056128501	0.7694999999999993	0.7668218188583851	0.7111800000000001	
iter	91	0.669233353048563	0.7724600000000003	0.7787090518176556	0.7073400000000009	
iter	92	0.669533317103982	0.7720999999999989	0.7785959796011448	0.7048400000000011	
iter	93	0.6855718383193016	0.76704	0.7808078593909741	0.7072000000000005	
iter	94	0.672544422596693	0.7701999999999993	0.7783793979585171	0.7085199999999993	
iter	95	0.6690091351568699	0.7708399999999999	0.7788764411062002	0.7050800000000005	
iter	96	0.6723955717682838	0.7710599999999994	0.7855196843147277	0.70278	
iter	97	0.6713692910075187	0.7728200000000001	0.7761675941050052	0.7083800000000008	
iter	98	0.6702798438221216	0.7713399999999995	0.7761410535573959	0.7069600000000007	
iter	99	0.6776559702903032	0.7691199999999991	0.776029355943203	0.7086600000000004	
iter	100	0.66098075440526	0.7748999999999987	0.7668560756742955	0.7104200000000005	
