iter	10	1.420700741931796	0.42624999999999996	1.3515013717114925	0.4525	
iter	20	1.3658716641366482	0.4474999999999999	1.34927012398839	0.47000000000000003	
iter	30	1.3442495353519917	0.46125000000000016	1.2936668545007706	0.4687499999999999	
iter	40	1.2633682787418365	0.46625000000000005	1.2182809319347143	0.5025000000000001	
iter	50	1.25712756998837	0.48749999999999993	1.2474679127335548	0.49750000000000005	
iter	60	1.1473263334482908	0.56625	1.2122609540820122	0.5224999999999999	
iter	70	1.1839306503534317	0.5225000000000001	1.1857191119343042	0.5275000000000001	
iter	80	1.1203748863190413	0.5537500000000001	1.1248295698314905	0.55875	
iter	90	1.1590040549635887	0.5387500000000001	1.137525012716651	0.56875	
iter	100	1.2032451536506414	0.51875	1.2069723848253489	0.5212500000000001	
iter	110	1.1078741252422333	0.57375	1.1563232894986868	0.55625	
iter	120	1.0980383157730103	0.56375	1.0490412078797817	0.5774999999999999	
iter	130	1.0474795438349247	0.5987500000000002	1.079530831426382	0.5762499999999999	
iter	140	1.1116114985197783	0.55375	1.1243961621075869	0.5687500000000001	
iter	150	1.052949234843254	0.6025000000000001	1.0349722746759653	0.5787500000000001	
iter	160	0.9478113949298859	0.6275000000000001	1.1040000338107347	0.5750000000000001	
iter	170	1.0582754407078028	0.5850000000000001	1.0183138083666563	0.61	
iter	180	1.0143310241401196	0.6112500000000001	1.1235283967107534	0.5499999999999999	
iter	190	1.0230611842125654	0.6025000000000001	1.0662274435162544	0.5750000000000002	
iter	200	0.9923215433955193	0.5887500000000002	0.9339118683710694	0.6375	
iter	210	0.9484626986086369	0.6437500000000002	1.1075039058923721	0.5712499999999999	
iter	220	0.9613573951646686	0.6112500000000001	0.9931061062961817	0.6224999999999998	
iter	230	0.977654617279768	0.61375	0.9817489814013243	0.6075	
iter	240	0.9358097864314914	0.6174999999999999	0.9828370902687311	0.6150000000000001	
iter	250	0.8765419609844685	0.6524999999999999	0.9449208341538906	0.6125000000000002	
iter	260	0.952154977247119	0.6212500000000003	1.030344532802701	0.5987500000000001	
iter	270	0.8661373322829604	0.6887500000000001	0.9310112241655588	0.64125	
iter	280	0.8601954644545913	0.6737500000000002	0.9472015704959631	0.6212499999999999	
iter	290	0.9249601904302835	0.63875	0.9381995238363743	0.6375	
iter	300	0.9550278801470995	0.6225000000000002	0.937968522310257	0.64875	
iter	310	0.922914925031364	0.6499999999999999	0.9281345950439572	0.6412500000000001	
iter	320	0.9226588355377316	0.6375000000000001	0.9593493547290564	0.6437500000000002	
iter	330	0.9838591702282429	0.60875	0.9962624441832304	0.6175000000000003	
iter	340	0.8227903498336673	0.6837500000000001	0.9143062690272927	0.6499999999999999	
iter	350	0.8362626302987337	0.6700000000000003	0.949336739256978	0.645	
iter	360	0.864439869299531	0.66	0.9252792410552502	0.64625	
iter	370	0.8965057916939259	0.6812500000000002	0.926121880300343	0.6412500000000001	
iter	380	0.8704403582960367	0.6400000000000001	0.9518891256302595	0.615	
iter	390	0.8063540142029524	0.70125	0.8230846431106329	0.6800000000000002	
iter	400	0.7766018621623516	0.7150000000000001	0.8925657896324992	0.6575000000000002	
iter	410	0.832161620259285	0.6787500000000002	0.8978018313646317	0.66625	
iter	420	0.8160453084856272	0.6775000000000001	0.8184088580310345	0.6937500000000002	
iter	430	0.7734786961227655	0.7	0.9560698010027409	0.6500000000000001	
iter	440	0.7765558958053589	0.68	0.8607173003256321	0.6637500000000002	
iter	450	0.8534563453868032	0.6700000000000002	0.8611862659454346	0.6837500000000002	
iter	460	0.7353430893272161	0.7350000000000002	0.8603777112439275	0.6762500000000001	
iter	470	0.8640408534556627	0.6700000000000002	0.84285091701895	0.6800000000000003	
iter	480	0.8504412854090333	0.6962500000000001	0.74938013125211	0.7000000000000001	
iter	490	0.7814741646870971	0.6975000000000001	0.9508338943123817	0.6475	
iter	500	0.8098947945982218	0.69625	0.8976281443610787	0.6525000000000001	
iter	510	0.8652589367702603	0.67875	0.9235978871583939	0.6325000000000001	
iter	520	0.8293247576802969	0.6624999999999999	0.8092497028410435	0.66375	
iter	530	0.7513412199914455	0.70625	0.9006914217025042	0.6400000000000001	
iter	540	0.8272987548261881	0.6837500000000001	0.8161183809861541	0.6762500000000001	
iter	550	0.7920555137097836	0.715	0.7943938858807087	0.7025000000000001	
iter	560	0.7751621128991246	0.6925000000000001	0.8343844506889582	0.6625	
iter	570	0.8987233443185687	0.6625000000000001	0.7922868933528662	0.6812499999999998	
iter	580	0.84772914275527	0.6812500000000002	0.8883235231041908	0.6550000000000002	
iter	590	0.9017146462574601	0.6425000000000001	0.8257609400898218	0.68625	
iter	600	0.7235590685158968	0.7262500000000002	0.8768442049622536	0.6725000000000001	
iter	610	0.823232039809227	0.7050000000000002	0.8932340117171407	0.6587500000000002	
iter	620	0.8021550243720412	0.6950000000000001	0.8924690131098032	0.6774999999999999	
iter	630	0.7951093455776572	0.7000000000000002	0.8997595477849245	0.67125	
iter	640	0.7981765745207667	0.6799999999999999	0.8863774696364999	0.6450000000000001	
iter	650	0.7501833150163293	0.705	0.8001652769744396	0.68875	
iter	660	0.841751255095005	0.6762500000000001	0.8230843702331185	0.6599999999999998	
iter	670	0.8135441709309816	0.67875	0.8302432214841247	0.6887500000000001	
iter	680	0.8540930198505521	0.6575	0.8613668121397495	0.68125	
iter	690	0.7798080956563354	0.695	0.8919360749423504	0.64	
iter	700	0.8187750140205026	0.6937500000000001	0.8544663470238447	0.6712500000000001	
iter	710	0.821089381352067	0.6737500000000001	0.8425041483715177	0.68625	
iter	720	0.8563810400664806	0.6662500000000001	0.8389752460643649	0.6650000000000001	
iter	730	0.7239686669781804	0.7337500000000002	0.8081860123202205	0.7000000000000002	
iter	740	0.6508069983683527	0.7625000000000002	0.8680462772026658	0.6887500000000002	
iter	750	0.7855667630210519	0.6987500000000001	0.8572466047480702	0.6625000000000001	
iter	760	0.8018101286143064	0.7012500000000002	0.7808428350836039	0.7175	
iter	770	0.8486079350113869	0.6862500000000001	0.8521164860576391	0.68	
iter	780	0.7757188668474555	0.7024999999999999	0.8468948360532522	0.6900000000000002	
iter	790	0.7453189752995968	0.7100000000000001	0.9056247640401125	0.6525000000000002	
iter	800	0.8200019998475909	0.6850000000000002	0.833073397167027	0.6725000000000001	
iter	810	0.7446857392787933	0.72625	0.9017786681652069	0.665	
iter	820	0.7782690078020096	0.7087500000000001	0.8149172849953175	0.6825000000000002	
iter	830	0.7049017902463675	0.7375	0.8969052359461784	0.6625000000000001	
iter	840	0.7465871660970151	0.7300000000000001	0.8535352367907763	0.685	
iter	850	0.7641220586374402	0.7050000000000001	0.8556712716817856	0.6762500000000001	
iter	860	0.7840316975489259	0.7037500000000001	0.7611466702073812	0.6987500000000001	
iter	870	0.8252058923244476	0.6775	0.8705616081133485	0.6625000000000001	
iter	880	0.7410213183611631	0.7137500000000001	0.8843435496091843	0.6637500000000002	
iter	890	0.7037188950926065	0.7362500000000002	0.8973068874329329	0.6450000000000002	
iter	900	0.67514618486166	0.7475000000000003	0.7570869252085686	0.7050000000000002	
iter	910	0.7128473268821836	0.7337500000000001	0.7750786179676652	0.7087500000000002	
iter	920	0.7339022113010287	0.7062500000000002	0.7777790185064077	0.6925000000000001	
iter	930	0.6682595759630203	0.7625000000000001	0.8341114660724998	0.6962500000000001	
iter	940	0.6230538142845035	0.7587499999999999	0.8261457625776529	0.6787500000000002	
iter	950	0.7737393612042069	0.6937500000000003	0.8353997422382236	0.685	
iter	960	0.784372191876173	0.6975	0.8908088821917772	0.6537500000000002	
iter	970	0.6704152328893542	0.7525000000000001	0.7938259346410632	0.70125	
iter	980	0.7002067873254418	0.7350000000000002	0.7913872208446264	0.6987500000000001	
iter	990	0.6124497968703508	0.7775000000000002	0.7564448248594999	0.7125000000000001	
iter	1000	0.7672730851918459	0.70625	0.8720949310809374	0.6575	
iter	1010	0.7334454958327115	0.7350000000000001	0.9069649251177907	0.6512500000000001	
iter	1020	0.7737187375314534	0.6975000000000001	0.8437389377504587	0.69	
iter	1030	0.7093459945172071	0.7200000000000003	0.9027162697166204	0.6600000000000001	
iter	1040	0.7731513027101755	0.7025	0.6978781251236796	0.7200000000000001	
iter	1050	0.6915346579626203	0.7562499999999999	0.8761024083942175	0.6599999999999999	
iter	1060	0.7918974449858069	0.6987500000000001	0.789908854290843	0.7050000000000002	
iter	1070	0.6562395878136158	0.74375	0.7797840926796198	0.6950000000000003	
iter	1080	0.7059918232262135	0.7375000000000002	0.769444870762527	0.7137500000000001	
iter	1090	0.7281726961955428	0.72	0.7159916842356324	0.73875	
iter	1100	0.6470723552629352	0.7587499999999999	0.849462659098208	0.6687500000000001	
iter	1110	0.6570124211721122	0.7575000000000003	0.7553601218387485	0.7225	
iter	1120	0.7611803095787764	0.6975000000000002	0.885818200185895	0.65375	
iter	1130	0.677775607444346	0.75375	0.8387220217846334	0.67875	
iter	1140	0.6770446356385946	0.7562500000000002	0.7536566993221641	0.7225	
iter	1150	0.6855420097708702	0.74625	0.8132119150832295	0.6950000000000002	
iter	1160	0.6431485712528229	0.7537499999999999	0.8014296870678663	0.7124999999999999	
iter	1170	0.6518991524353623	0.75875	0.8287398461252451	0.6862499999999999	
iter	1180	0.7429117076098919	0.7200000000000002	0.7327882926911116	0.70875	
iter	1190	0.7282191682606936	0.7000000000000001	0.8230002578347921	0.6900000000000002	
iter	1200	0.71944909542799	0.7187500000000001	0.7392711592838168	0.7212500000000003	
iter	1210	0.6829070691019297	0.75875	0.8187929093837738	0.685	
iter	1220	0.7455176366493106	0.7125000000000001	0.8037404990755022	0.70875	
iter	1230	0.5678827492520213	0.7812500000000001	0.779248433187604	0.7050000000000002	
iter	1240	0.5956136304885149	0.7712500000000003	0.7698815139010549	0.7200000000000001	
iter	1250	0.695786620490253	0.74875	0.8154962100088596	0.6912499999999999	
iter	1260	0.6427264902740717	0.75	0.8824166087433696	0.68625	
iter	1270	0.6854521157220006	0.7300000000000002	0.7742996141314507	0.6875	
iter	1280	0.6306046904064715	0.7699999999999999	0.736690110526979	0.7100000000000003	
iter	1290	0.6555526116862893	0.7437500000000001	0.7849356476217508	0.70125	
iter	1300	0.6481891772709787	0.7424999999999999	0.811032185330987	0.70125	
iter	1310	0.7090064790099859	0.7325	0.8143159104511142	0.6787500000000002	
iter	1320	0.656212349422276	0.7550000000000001	0.6928499238565564	0.7387500000000002	
iter	1330	0.6705022277310491	0.7425000000000002	0.8809563843533397	0.6724999999999999	
iter	1340	0.7332193241454661	0.7062500000000002	0.6730520026758313	0.74375	
iter	1350	0.64563730917871	0.7600000000000001	0.809521549846977	0.7075	
iter	1360	0.6285342895425856	0.7525000000000003	0.7891783374361694	0.68875	
iter	1370	0.6072162301279604	0.77125	0.7196067529730499	0.73	
iter	1380	0.6321686320006847	0.7662500000000001	0.8230921626091003	0.6775000000000001	
iter	1390	0.5931225484237075	0.7775	0.857747346162796	0.67875	
iter	1400	0.636189816519618	0.7637500000000002	0.7884213095530868	0.7087500000000002	
iter	1410	0.6675604870542884	0.7599999999999999	0.8044303636997938	0.6875	
iter	1420	0.7475113580003381	0.6900000000000002	0.7898266790434718	0.71125	
iter	1430	0.6465101297944784	0.7575000000000002	0.7503945915959775	0.7212500000000003	
iter	1440	0.6734571671113372	0.7612500000000001	0.7694630501791835	0.7075000000000001	
iter	1450	0.630021383985877	0.7725000000000003	0.7752930913120508	0.7062500000000002	
iter	1460	0.6674949247390032	0.7500000000000001	0.7460927600041032	0.7100000000000003	
iter	1470	0.6457105921581388	0.7437500000000002	0.7750663310289383	0.6912500000000003	
iter	1480	0.6234218468889594	0.7712500000000003	0.8237605066969991	0.685	
iter	1490	0.6765973698347807	0.7375000000000002	0.8107745875604451	0.7037500000000002	
iter	1500	0.5853807954117656	0.7750000000000001	0.777758002281189	0.6925000000000002	
iter	1510	0.6680997326038778	0.7187500000000001	0.7113948129117489	0.7350000000000002	
iter	1520	0.5568705559708178	0.8012500000000002	0.7076616585254669	0.7400000000000001	
iter	1530	0.6482707420364022	0.7500000000000002	0.8087410982698202	0.7025000000000001	
iter	1540	0.7356770001351833	0.7187500000000002	0.7992084780707955	0.7025000000000002	
iter	1550	0.6015600590035319	0.7725000000000003	0.708964760415256	0.7212500000000001	
iter	1560	0.6583316954784095	0.7362500000000003	0.7697810167446733	0.7237499999999999	
iter	1570	0.589311714284122	0.7750000000000001	0.7831062953919172	0.7037500000000001	
iter	1580	0.7128829667344689	0.7350000000000001	0.775042756460607	0.7	
iter	1590	0.636925907805562	0.735	0.7820583322318271	0.6900000000000002	
iter	1600	0.5803369008935988	0.7750000000000001	0.719863822683692	0.7275	
iter	1610	0.6953438334167004	0.7400000000000002	0.7629556292667985	0.6925000000000001	
iter	1620	0.5798380998894572	0.77875	0.841362165287137	0.6812500000000001	
iter	1630	0.6913796374574304	0.7525	0.8500491566956043	0.6887500000000002	
iter	1640	0.6165902731008828	0.7750000000000002	0.7600168115459383	0.7312500000000003	
iter	1650	0.5969772534444928	0.7762500000000001	0.8097544629126787	0.6887500000000001	
iter	1660	0.6753886919468641	0.7337500000000002	0.79880983941257	0.6824999999999999	
iter	1670	0.658787771128118	0.7575000000000001	0.7149925483390689	0.71125	
iter	1680	0.6108907759189606	0.7537500000000003	0.7998842252418399	0.69625	
iter	1690	0.5622903360053897	0.7800000000000002	0.8062346382066607	0.7062499999999999	
iter	1700	0.6927530821412802	0.7500000000000002	0.8318464998155832	0.6975000000000002	
iter	1710	0.5795941408723593	0.7712500000000002	0.8625042419880629	0.6562500000000001	
iter	1720	0.6995526002719998	0.7362500000000004	0.753855356015265	0.7212500000000003	
iter	1730	0.5869033662602305	0.7725000000000002	0.7715625483542681	0.7187500000000001	
iter	1740	0.628783249296248	0.7675000000000003	0.7357142805121839	0.7337500000000002	
iter	1750	0.7328065866604447	0.7312500000000002	0.7280387422069907	0.7100000000000001	
iter	1760	0.6297275223769248	0.7562500000000001	0.810671922750771	0.6775000000000001	
iter	1770	0.6337458086200058	0.74875	0.8183724251575768	0.6900000000000002	
iter	1780	0.591112102381885	0.7875000000000003	0.7787005230784416	0.69875	
iter	1790	0.5623750584200025	0.7987500000000001	0.8105714339762926	0.6950000000000001	
iter	1800	0.5578532908111811	0.7887500000000001	0.7955882325768471	0.6849999999999999	
iter	1810	0.6515232929959893	0.7662500000000001	0.700125977396965	0.7300000000000001	
iter	1820	0.6065931930206716	0.7675000000000002	0.8794215340167284	0.6587500000000001	
iter	1830	0.5999066666699946	0.7775	0.7934251981787384	0.7137500000000001	
iter	1840	0.5810052417218685	0.7762500000000003	0.7852584570646286	0.705	
iter	1850	0.6550507820211351	0.7525000000000001	0.7208027504384518	0.7187500000000002	
iter	1860	0.5565003755036741	0.79125	0.7729463996365666	0.6900000000000001	
iter	1870	0.5592556986957788	0.7787500000000003	0.7576443059369922	0.69875	
iter	1880	0.5543764163739979	0.7875	0.7597540020942688	0.7100000000000004	
iter	1890	0.5179284764453769	0.7925000000000003	0.7636894444003701	0.69375	
iter	1900	0.5821216958574951	0.7887500000000001	0.9444337673485279	0.6325000000000001	
iter	1910	0.6328879338689148	0.7662500000000001	0.8233119314536452	0.6750000000000002	
iter	1920	0.5894853277131915	0.7625000000000003	0.8120036143809557	0.6987499999999999	
iter	1930	0.5673269820399582	0.785	0.7885300042107701	0.7262500000000002	
iter	1940	0.5790003975853324	0.7662500000000004	0.8246661704033613	0.7012500000000002	
iter	1950	0.5630269874818623	0.7887500000000002	0.815649498719722	0.6912500000000001	
iter	1960	0.6634125565178692	0.7687500000000003	0.7759888777509332	0.70625	
iter	1970	0.623027510009706	0.7612500000000002	0.8618204342201352	0.6775000000000001	
iter	1980	0.5609116866253316	0.7887500000000003	0.8720257515087724	0.68625	
iter	1990	0.5998415444046259	0.7837500000000001	0.7684087818488479	0.71125	
iter	2000	0.6893278057686985	0.7462500000000001	0.7775389514863491	0.7187500000000002	
iter	2010	0.5511638117022812	0.7987500000000001	0.7552348375320435	0.7262499999999998	
iter	2020	0.6072362395934761	0.7675000000000001	0.7650968912057579	0.70875	
iter	2030	0.5562577112577856	0.7862500000000002	0.7496304446831346	0.705	
iter	2040	0.5535817937925458	0.7887500000000001	0.8220664279069752	0.7074999999999999	
iter	2050	0.5709535628557205	0.7912500000000001	0.8135367510840297	0.7075	
iter	2060	0.5720829535275698	0.7825000000000002	0.7823399249464273	0.7062500000000002	
iter	2070	0.5647837910801172	0.7900000000000003	0.7730814991518855	0.6950000000000002	
iter	2080	0.6940581272356212	0.745	0.6725368043407798	0.7400000000000001	
iter	2090	0.5679771061986685	0.8087500000000003	0.7470253645442426	0.7200000000000001	
iter	2100	0.5462462091818452	0.795	0.8029034901410341	0.6875000000000001	
iter	2110	0.5705570764839649	0.7862500000000002	0.8009250173345208	0.6987500000000002	
iter	2120	0.6152637312188745	0.7650000000000002	0.7711715651676059	0.7200000000000001	
iter	2130	0.6023023496381938	0.7775000000000001	0.8867112156003714	0.6650000000000001	
iter	2140	0.6134469085372984	0.7737500000000002	0.76667071133852	0.7000000000000001	
iter	2150	0.6008812957443297	0.7737500000000003	0.8323481343686581	0.6962499999999999	
iter	2160	0.5696034310385585	0.7712500000000001	0.8851905846968293	0.6737500000000001	
iter	2170	0.6036401954479516	0.7612500000000002	0.7694586561992764	0.7062500000000002	
iter	2180	0.6062958696857095	0.76375	0.8260219497606158	0.69625	
iter	2190	0.619442577008158	0.7775000000000002	0.7506063682958484	0.6925000000000002	
iter	2200	0.5453106756322086	0.7987500000000002	0.8260207045823336	0.68875	
iter	2210	0.5631209989078343	0.79625	0.7770891608670354	0.69125	
iter	2220	0.578771844971925	0.7775000000000001	0.7435845630243421	0.7150000000000001	
iter	2230	0.6249368996359408	0.7700000000000004	0.7463518176227808	0.71375	
iter	2240	0.5344993555918336	0.79875	0.9129227669909596	0.6575000000000001	
iter	2250	0.5995453289942816	0.7712500000000004	0.8034105403348804	0.69625	
iter	2260	0.5406397483311594	0.7900000000000001	0.8127207076177001	0.6825000000000002	
iter	2270	0.5822549122385681	0.7825000000000002	0.8466531680896878	0.6800000000000002	
iter	2280	0.6009303806349635	0.7775000000000002	0.8522747494280338	0.6800000000000002	
iter	2290	0.4762705167522654	0.8125	0.7291937661357224	0.7350000000000002	
iter	2300	0.6074222191236913	0.7600000000000001	0.8078212318941951	0.6975000000000002	
iter	2310	0.5444053709506989	0.78	0.7851213729009032	0.71125	
iter	2320	0.5970320133492351	0.77625	0.7910504098981619	0.7050000000000002	
iter	2330	0.6652545677497983	0.75375	0.8305957610718906	0.68125	
iter	2340	0.6671767979860306	0.7525000000000001	0.8354208832606673	0.6987500000000001	
iter	2350	0.5748281604610384	0.78	0.8218400897458196	0.70125	
iter	2360	0.5916468068026006	0.7650000000000001	0.852745664305985	0.6687500000000002	
iter	2370	0.6509411754086614	0.7637500000000003	0.7773399641737342	0.69125	
iter	2380	0.6427578371949494	0.7562500000000003	0.7421981580555439	0.7200000000000001	
iter	2390	0.5271310689859092	0.8050000000000003	0.8359477072954178	0.7	
iter	2400	0.5646775830537081	0.8037500000000003	0.8691435623914003	0.6725	
iter	2410	0.6569538032636046	0.7474999999999999	0.70734185539186	0.7350000000000001	
iter	2420	0.5977919222787023	0.7837500000000003	0.8439108124002814	0.6825	
iter	2430	0.5292713968083262	0.8012500000000002	0.8152113137766719	0.7062500000000003	
iter	2440	0.526930769905448	0.7975000000000002	0.7703524027019739	0.7075000000000001	
iter	2450	0.6752740927040577	0.76375	0.7541959080845118	0.7275000000000001	
iter	2460	0.57850779639557	0.775	0.7636853121221066	0.7050000000000002	
iter	2470	0.5719352578744292	0.775	0.7587903728708625	0.7100000000000002	
iter	2480	0.5607239878736436	0.79375	0.7983086984604597	0.70125	
iter	2490	0.5735379573889077	0.7725000000000001	0.8443222399801016	0.6925000000000002	
iter	2500	0.5805779083166271	0.7800000000000001	0.8535403050482273	0.6950000000000001	
iter	2510	0.5677380878478289	0.7912500000000003	0.803797357250005	0.7012500000000002	
iter	2520	0.5409085284918547	0.8175000000000001	0.7259394433349371	0.7225000000000001	
iter	2530	0.5380580194760114	0.8037500000000003	0.769121702760458	0.7000000000000002	
iter	2540	0.5729708205908537	0.7912500000000003	0.8848991109989583	0.655	
iter	2550	0.609653162304312	0.7725000000000001	0.7602306678891182	0.72625	
iter	2560	0.582835721084848	0.7987500000000002	0.8576764944009483	0.6925	
iter	2570	0.6181504484266043	0.7637500000000003	0.8174104047939181	0.68	
iter	2580	0.5517332255840302	0.79	0.9149761237204075	0.6662499999999999	
iter	2590	0.47331375640351325	0.8225000000000001	0.8244499331340194	0.7012500000000002	
iter	2600	0.6579738990403712	0.7475	0.8235151115804911	0.6950000000000003	
iter	2610	0.5999252991750836	0.7862500000000001	0.8009151443839073	0.6800000000000002	
iter	2620	0.5703356387093663	0.7687500000000003	0.7941876193508506	0.7100000000000001	
iter	2630	0.6089852070435882	0.7687500000000002	0.9169759461656213	0.6412500000000002	
iter	2640	0.6281646327115595	0.7787500000000003	0.8445495627820492	0.6962500000000001	
iter	2650	0.6070746430195868	0.7662500000000002	0.7785407779738307	0.7087500000000001	
iter	2660	0.5795249529182911	0.8000000000000004	0.7111956989392638	0.7412500000000001	
iter	2670	0.5032277507707477	0.8075	0.8221023334190249	0.6825000000000001	
iter	2680	0.5858656167984009	0.7775	0.7693697977811098	0.7012500000000002	
iter	2690	0.5229426338337362	0.8112500000000001	0.9212219770997763	0.6500000000000001	
iter	2700	0.5031655253842473	0.8187500000000001	0.8160108141601086	0.6962500000000001	
iter	2710	0.5228908252902329	0.8150000000000003	0.8036958258599043	0.70375	
iter	2720	0.609337009023875	0.7699999999999999	0.8202232588082552	0.6950000000000002	
iter	2730	0.6028259536251426	0.7662500000000001	0.7833345225080848	0.7024999999999999	
iter	2740	0.46691841073334217	0.8037500000000002	0.8623568713665009	0.67125	
iter	2750	0.5308700851164758	0.8000000000000003	0.7609757585451007	0.7287500000000001	
iter	2760	0.5968122025951743	0.7850000000000001	0.8490756554529071	0.6975000000000001	
iter	2770	0.5298991845920682	0.8050000000000002	0.806898926384747	0.6925000000000002	
iter	2780	0.6046255631372333	0.7775000000000001	0.7644719183444977	0.7212500000000001	
iter	2790	0.5117043657228351	0.8225000000000001	0.7903354903683066	0.7150000000000001	
iter	2800	0.5922077191062272	0.7537500000000001	0.804201053455472	0.6987500000000003	
iter	2810	0.5251188045367599	0.8062500000000002	0.7799583650194108	0.7037500000000001	
iter	2820	0.5286637810058892	0.8200000000000002	0.8571606324985623	0.67625	
iter	2830	0.5049277055077255	0.8275	0.7173532065935433	0.7400000000000002	
iter	2840	0.5676975985988975	0.8025000000000002	0.8588384697213769	0.6725	
iter	2850	0.5888464143499732	0.8075000000000001	0.7347437578719109	0.7175	
iter	2860	0.5378244491294026	0.8037500000000001	0.816443876363337	0.7075	
iter	2870	0.47786861122585833	0.8274999999999999	0.7801524437963963	0.71375	
iter	2880	0.5337133486755192	0.8037500000000003	0.8723834734410048	0.6850000000000002	
iter	2890	0.6182954255491495	0.7625000000000002	0.7839803430251777	0.7137500000000001	
iter	2900	0.5424062754027545	0.7912500000000001	0.874009438790381	0.6725000000000001	
iter	2910	0.5604805126786232	0.7850000000000001	0.7656510444357991	0.7299999999999999	
iter	2920	0.458969930652529	0.8112500000000002	0.8109179064631462	0.6825	
iter	2930	0.5636105956509709	0.7775000000000001	0.8583530010655522	0.6687500000000001	
iter	2940	0.5863949076738209	0.7712499999999999	0.731290458701551	0.7350000000000001	
iter	2950	0.5219854024471715	0.8137500000000001	0.7649380792863667	0.7175000000000001	
iter	2960	0.5973473531194031	0.7725000000000001	0.8348515070974827	0.7000000000000001	
iter	2970	0.5527569786645472	0.7887500000000002	0.8675782745704055	0.6700000000000002	
iter	2980	0.5471823187544942	0.8000000000000003	0.7664297083392739	0.7087500000000002	
iter	2990	0.6198012884706259	0.7837500000000002	0.8122685607522726	0.6975000000000002	
iter	3000	0.5439601817633957	0.7925000000000002	0.8348084697499871	0.6900000000000001	
iter	3010	0.585716410074383	0.7737500000000002	0.8428352326154709	0.6925000000000001	
iter	3020	0.5032455255277455	0.8062500000000001	0.772474342957139	0.6975000000000001	
iter	3030	0.5029577361419797	0.8200000000000001	0.7598535721190274	0.7187500000000001	
iter	3040	0.5234328643418849	0.81875	0.8223686814308167	0.7000000000000002	
iter	3050	0.5443187924101949	0.8	0.7881062119267881	0.7150000000000003	
iter	3060	0.5700434995815158	0.77875	0.7898290939629078	0.7074999999999999	
iter	3070	0.5623841062188148	0.7900000000000003	0.8171007195487618	0.68	
iter	3080	0.5192991967778653	0.8125000000000001	0.8910244815051556	0.6587500000000001	
iter	3090	0.4950717508327216	0.82625	0.8878435911610723	0.6900000000000002	
iter	3100	0.5067638694308698	0.8012500000000001	0.8043511193245649	0.7150000000000003	
iter	3110	0.6023859162814915	0.7700000000000001	0.7553054112941027	0.7275000000000001	
iter	3120	0.5442010324914008	0.8000000000000003	0.7383042899891734	0.7287500000000001	
iter	3130	0.56677579972893	0.8100000000000004	0.7952538318932056	0.7075000000000001	
iter	3140	0.49501792108640075	0.8087500000000001	0.879039223305881	0.6675	
iter	3150	0.5789917769143358	0.77375	0.7874159468337893	0.72375	
iter	3160	0.48996023181825876	0.8262500000000002	0.8974022278562188	0.68375	
iter	3170	0.6160258357413113	0.7925000000000002	0.8600465208292007	0.6737500000000001	
iter	3180	0.5781668315175921	0.7550000000000001	0.7358878003433347	0.7137500000000001	
iter	3190	0.5072389370761812	0.8162500000000003	0.77875773049891	0.7350000000000001	
iter	3200	0.5603556507267058	0.8037500000000002	0.7613511178642511	0.7125	
iter	3210	0.5834013056010008	0.7712500000000002	0.7626878754235804	0.7125000000000001	
iter	3220	0.5082740657962859	0.8012500000000001	0.8480887729674578	0.6749999999999999	
iter	3230	0.5229706256650388	0.8000000000000003	0.7964817648753524	0.69875	
iter	3240	0.5081778173334897	0.8062500000000001	0.7829020572826266	0.7137500000000002	
iter	3250	0.5661094672977924	0.7862500000000002	0.8670829301699996	0.6712500000000001	
iter	3260	0.5757601279765368	0.7837500000000001	0.7965621463954449	0.7050000000000002	
iter	3270	0.5005264915525913	0.8200000000000001	0.7857629153877497	0.7100000000000001	
iter	3280	0.5733497343026102	0.7875000000000001	0.8086454183794558	0.7012500000000003	
iter	3290	0.44938312424346805	0.8362500000000002	0.7653091456741095	0.71875	
iter	3300	0.5916303554549813	0.7812500000000002	0.9015760533511639	0.6762499999999998	
iter	3310	0.4935783939436078	0.8150000000000003	0.8053836151957512	0.6987500000000002	
iter	3320	0.550287707708776	0.77625	0.8884458858519793	0.67	
iter	3330	0.5688758178148419	0.7862500000000001	0.7475572399562225	0.7062500000000003	
iter	3340	0.5565579533576965	0.7937500000000002	0.7899736119434237	0.72375	
iter	3350	0.5576515542343259	0.7925000000000002	0.7954841889441013	0.7087500000000001	
iter	3360	0.5638711291830987	0.7775000000000001	0.740995385684073	0.7300000000000002	
iter	3370	0.5091615659184754	0.8037500000000001	0.8022350054234266	0.7125	
iter	3380	0.5298160966485739	0.8250000000000002	0.7629144615493715	0.7175	
iter	3390	0.46690689446404576	0.8262500000000003	0.7997081694193184	0.7075000000000001	
iter	3400	0.5203385446220636	0.8137500000000003	0.8050646418705583	0.6974999999999999	
iter	3410	0.5870630135759711	0.7737500000000002	0.7857946213334799	0.6987500000000001	
iter	3420	0.43638256285339594	0.8500000000000002	0.884946727193892	0.67375	
iter	3430	0.5159893634263426	0.8175000000000002	0.9668799415230751	0.66125	
iter	3440	0.4610059973783791	0.8287500000000002	0.8730848245322704	0.6600000000000001	
iter	3450	0.5878461711108685	0.7975000000000001	0.812284023500979	0.7062500000000002	
iter	3460	0.5026894551701844	0.81625	0.7938004015013576	0.7250000000000002	
iter	3470	0.5070271529257298	0.8137500000000003	0.8730228403583169	0.665	
iter	3480	0.5795455775223672	0.8025000000000002	0.9244915852323174	0.6925000000000002	
iter	3490	0.4643624487798661	0.8225000000000001	0.8200468355789781	0.7075000000000002	
iter	3500	0.5373189530801028	0.7937500000000001	0.7806746615096927	0.70125	
iter	3510	0.6002278854139149	0.79125	0.8508080737665296	0.69125	
iter	3520	0.5276170750148594	0.7950000000000003	0.8325787521898746	0.7187499999999999	
iter	3530	0.4131953720934689	0.8437499999999999	0.7746137492358685	0.7187500000000002	
iter	3540	0.4988968193065375	0.80125	0.7973170392215252	0.7100000000000003	
iter	3550	0.5316631873138249	0.8162500000000003	0.8416336514055729	0.7062500000000002	
iter	3560	0.5004266910254955	0.7962500000000002	0.8272240525111556	0.7112500000000002	
iter	3570	0.4710449024569243	0.8250000000000001	0.8263922166079283	0.7225000000000001	
iter	3580	0.4990311576984823	0.8112500000000004	0.9384895041584969	0.6612500000000002	
iter	3590	0.5156608214601874	0.8012500000000002	0.8269273694604635	0.6849999999999999	
iter	3600	0.5929917329922318	0.775	0.7624773411080241	0.7125000000000002	
iter	3610	0.5602990766055882	0.7950000000000003	0.8424546224996448	0.7075000000000001	
iter	3620	0.5504277502186596	0.8050000000000002	0.8771513728424907	0.6925000000000001	
iter	3630	0.491546249948442	0.8037500000000001	0.7244829051196575	0.7287500000000001	
iter	3640	0.5742171304300427	0.7887499999999998	0.8246848341077566	0.7200000000000001	
iter	3650	0.47859940479975194	0.8187500000000001	0.8424672549590468	0.7037500000000001	
iter	3660	0.601344000082463	0.755	0.8240716494619846	0.6900000000000001	
iter	3670	0.5443615284748375	0.7962500000000001	0.8614978082478046	0.6600000000000003	
iter	3680	0.508105302695185	0.8062500000000001	0.7476410791277885	0.7175000000000001	
iter	3690	0.6179273552261293	0.7775000000000003	0.8521381746977568	0.69625	
iter	3700	0.6118601318448782	0.7762500000000001	0.7144328765571117	0.73375	
iter	3710	0.5087550231255591	0.805	0.7602292355149984	0.7275000000000001	
iter	3720	0.5211809570901096	0.8075000000000002	0.857121461071074	0.6987500000000001	
iter	3730	0.5361780780367553	0.7837500000000002	0.9191066455096006	0.6837500000000002	
iter	3740	0.4286979224998504	0.8550000000000002	0.7779315770603716	0.71625	
iter	3750	0.5320649235509336	0.8000000000000003	0.8591725220903754	0.6750000000000002	
iter	3760	0.5014100121334195	0.8100000000000002	0.7879089107736945	0.7037499999999999	
iter	3770	0.4927271530032158	0.8300000000000005	0.7267533736303449	0.7200000000000004	
iter	3780	0.4569693664088845	0.8312500000000004	0.8812333419919014	0.6737500000000001	
iter	3790	0.49312606919556856	0.8087500000000002	0.8822621712461114	0.68625	
iter	3800	0.47318427497521043	0.8275000000000001	0.875562462490052	0.6912499999999999	
iter	3810	0.5217372716870159	0.8112500000000002	0.834967190399766	0.6875000000000002	
iter	3820	0.49933153856545687	0.8225000000000001	0.8585781240835786	0.69125	
iter	3830	0.5015852015931159	0.8162500000000001	0.8797858543694019	0.6825	
iter	3840	0.5376044607255608	0.8025	0.8189882766455412	0.6875000000000001	
iter	3850	0.6174947451800108	0.7737499999999999	0.8427059119567275	0.6925000000000002	
iter	3860	0.5537910447455943	0.8112500000000001	0.8935953043401241	0.6550000000000001	
iter	3870	0.5064753848128021	0.8087500000000003	0.940002070274204	0.6550000000000001	
iter	3880	0.5362765989266336	0.7925000000000002	0.8426616545766592	0.6837500000000001	
iter	3890	0.45787125767674297	0.81625	0.8564869072288275	0.6887500000000001	
iter	3900	0.44991615880280733	0.8350000000000003	0.9223416624590755	0.6487500000000003	
iter	3910	0.48326718900352716	0.8200000000000003	0.7759302412159741	0.7150000000000002	
iter	3920	0.5621911864727736	0.7800000000000001	0.8174923765473068	0.7137500000000003	
iter	3930	0.43823133734986186	0.8350000000000003	0.9046649476513267	0.6787500000000001	
iter	3940	0.4308671932667494	0.8375000000000002	0.9028931958600879	0.6787500000000002	
iter	3950	0.46838580956682563	0.8387500000000001	0.9807482082396746	0.6474999999999999	
iter	3960	0.4541405150666833	0.8275	0.8063668170943856	0.7225	
iter	3970	0.5593503122217953	0.8012500000000001	0.9122320581227541	0.6587500000000001	
iter	3980	0.5466137330513448	0.7975000000000002	0.8178704045712948	0.6937500000000002	
iter	3990	0.5234373577404767	0.81125	0.9549625515937805	0.6525000000000001	
iter	4000	0.4406117317266762	0.8400000000000002	0.7905771965160966	0.7087500000000002	
iter	4010	0.5120660804677755	0.8037500000000002	0.8081866782158613	0.7075000000000001	
iter	4020	0.5542881204746664	0.7975000000000003	0.8382895747199655	0.68125	
iter	4030	0.4917859814595431	0.8087500000000003	0.7724963715299964	0.72	
iter	4040	0.5021996572613716	0.8062500000000005	0.7490882854908705	0.7300000000000001	
iter	4050	0.39054250717163086	0.8512500000000002	0.8523647226393223	0.6975	
iter	4060	0.4770790319889784	0.82	0.7553418604657054	0.72	
iter	4070	0.4917082190513611	0.8012500000000001	0.7888992419466376	0.6912500000000001	
iter	4080	0.43309964099898934	0.8462500000000002	0.7727681254036725	0.7199999999999999	
iter	4090	0.41544085345230997	0.8450000000000002	0.8102249447256327	0.7250000000000001	
iter	4100	0.5671039712615311	0.7987500000000001	0.835681514814496	0.70375	
iter	4110	0.5167711994145066	0.8075000000000003	0.8347283648326993	0.6762500000000001	
iter	4120	0.5145638859830797	0.8137500000000002	0.7470434508286417	0.7312500000000001	
iter	4130	0.5353453243151307	0.8112500000000002	0.870039667468518	0.6874999999999999	
iter	4140	0.46259784139692783	0.8337500000000001	0.9007424162700772	0.6637500000000001	
iter	4150	0.6153119141235948	0.7887500000000002	0.8074481068179011	0.6950000000000001	
iter	4160	0.5506662027910352	0.7975000000000001	0.9450521040707827	0.665	
iter	4170	0.4835208631120622	0.8075000000000003	0.8903521196916699	0.66375	
iter	4180	0.44051652611233294	0.8425000000000001	0.8267696285620332	0.7112499999999999	
iter	4190	0.513897449709475	0.8112500000000002	0.8733669491484761	0.675	
iter	4200	0.49089914094656706	0.8262500000000003	0.910607784986496	0.6862500000000002	
iter	4210	0.5199582236818969	0.8312500000000004	0.8335498422384262	0.695	
iter	4220	0.46086075296625495	0.8312500000000002	0.8241508845239878	0.7037500000000001	
iter	4230	0.5653438903391361	0.7937500000000002	0.8608332714065909	0.6837500000000001	
iter	4240	0.49450496956706047	0.82125	0.8471478903666139	0.6950000000000001	
iter	4250	0.4860615152865648	0.8250000000000003	0.900092426687479	0.6675000000000001	
iter	4260	0.4802152275806293	0.8250000000000003	0.7957451408728957	0.6875	
iter	4270	0.5010611214675009	0.8	0.8453999208286405	0.6925000000000001	
iter	4280	0.53704041428864	0.8125000000000002	0.7981582600623369	0.71625	
iter	4290	0.41996789583936334	0.8462500000000003	0.9372450038790703	0.6900000000000002	
iter	4300	0.5205635590245947	0.8074999999999999	0.773021467961371	0.7287500000000001	
iter	4310	0.4596004893537611	0.825	0.8014910770580173	0.7212500000000001	
iter	4320	0.48644462530501187	0.8300000000000002	0.7802546042948961	0.71875	
iter	4330	0.5696933473227546	0.7912500000000001	0.764464627020061	0.7025	
iter	4340	0.5426875797566026	0.8000000000000003	0.765589359216392	0.7125000000000002	
iter	4350	0.4649681723676622	0.8087500000000001	0.8248092150315642	0.7037500000000001	
iter	4360	0.45187724102288485	0.8325	0.8419657195918262	0.6799999999999999	
iter	4370	0.4108914954122156	0.8462500000000002	0.9743230044841766	0.6575	
iter	4380	0.46231864718720317	0.8300000000000001	0.8628059746697545	0.6875000000000001	
iter	4390	0.4382165556307882	0.8375000000000001	0.7717240243218839	0.70875	
iter	4400	0.4728972087614238	0.8375000000000001	0.8265334684401751	0.6837500000000001	
iter	4410	0.43170234048739076	0.8337500000000002	0.8028620444238186	0.6975000000000003	
iter	4420	0.5211446550674736	0.8012500000000001	0.7087936929892749	0.7350000000000001	
iter	4430	0.4979950529523194	0.8100000000000004	0.9477748842909932	0.6549999999999999	
iter	4440	0.4464216073974967	0.8350000000000002	0.7819621553644538	0.7212500000000002	
iter	4450	0.4553179636131972	0.8325000000000001	0.8731931056827307	0.6850000000000002	
iter	4460	0.46555762947537005	0.8412500000000003	0.7500350717455149	0.7287500000000001	
iter	4470	0.45063488255254924	0.8312500000000003	0.8790744272992015	0.6887499999999999	
iter	4480	0.4754170021042228	0.7962500000000001	0.8100875257514417	0.6975	
iter	4490	0.4777570371516049	0.8200000000000003	0.9051897404715419	0.6437500000000003	
iter	4500	0.49449100950732827	0.8187500000000002	0.8567016553133726	0.7125000000000001	
iter	4510	0.457571804523468	0.8275000000000001	0.7728261044248939	0.7162499999999999	
iter	4520	0.5456455028615892	0.8025000000000002	0.8326730718836188	0.69	
iter	4530	0.4032969542313367	0.8450000000000001	0.9667155365459621	0.6537500000000002	
iter	4540	0.49843352288007736	0.8062500000000002	0.7921976447105408	0.705	
iter	4550	0.4217340196482837	0.8487500000000003	0.7652021362446249	0.7112499999999999	
iter	4560	0.5407461379654706	0.7925000000000002	0.8410433689132333	0.6875000000000001	
iter	4570	0.49601282575167716	0.8162500000000003	0.8868957944214344	0.6812500000000001	
iter	4580	0.4954203935340047	0.8187500000000001	0.7191640296950936	0.72375	
iter	4590	0.5140982659067959	0.8087500000000001	0.81366743799299	0.7350000000000001	
iter	4600	0.45823947072494775	0.81875	0.9018507865257561	0.6699999999999999	
iter	4610	0.3884448909666389	0.8587500000000002	0.8716108435764909	0.6674999999999999	
iter	4620	0.509547786321491	0.7962500000000001	0.8613902861252427	0.6737500000000002	
iter	4630	0.5112784060183913	0.8025000000000001	0.8329865727573633	0.7187500000000001	
iter	4640	0.49120011972263455	0.8137500000000003	0.9070441359654069	0.6750000000000002	
iter	4650	0.4612554234918207	0.8300000000000001	0.9141275538131595	0.68	
iter	4660	0.4423209405504167	0.8337500000000003	0.7729870467446744	0.7200000000000001	
iter	4670	0.46712014824151993	0.8275000000000001	0.8616336067207158	0.7025	
iter	4680	0.481046752538532	0.8225	0.7653527464717627	0.7175	
iter	4690	0.4834156911820173	0.8162500000000001	0.796006478369236	0.7225000000000001	
iter	4700	0.5105214510113001	0.8137500000000001	0.830742908641696	0.6925000000000001	
iter	4710	0.5062136300839484	0.8125000000000001	0.9267413681373	0.6637500000000002	
iter	4720	0.42823774879798293	0.8437500000000004	0.8386422581970692	0.6874999999999999	
iter	4730	0.47351194894872606	0.8275000000000001	0.7743683969601989	0.7025000000000001	
iter	4740	0.4972825367003679	0.8175000000000003	0.8345270678400993	0.68625	
iter	4750	0.5130638987757266	0.8150000000000003	0.8027321891859174	0.70875	
iter	4760	0.4640714069828391	0.83875	0.8544452711939812	0.6775000000000002	
iter	4770	0.5362819018773735	0.8000000000000002	0.9904545471072197	0.6387499999999999	
iter	4780	0.4809310019481927	0.8262500000000002	0.8953695110976696	0.6687500000000002	
iter	4790	0.5179156544618309	0.7950000000000003	0.7975987298414111	0.6987500000000001	
iter	4800	0.4638237599283457	0.8437500000000001	0.9175870018079877	0.6612500000000001	
iter	4810	0.5232769027352333	0.8237500000000003	0.8649897743016481	0.6775	
iter	4820	0.47805156954564154	0.8162499999999999	0.9187063472345471	0.6550000000000002	
iter	4830	0.46972518041729927	0.8225000000000003	0.7927966387942433	0.7087500000000002	
iter	4840	0.5113689033314586	0.8237500000000002	0.8798384955152869	0.7100000000000002	
iter	4850	0.4899056062567979	0.8262499999999999	0.9313535578548908	0.6825000000000002	
iter	4860	0.511635001283139	0.7962500000000001	0.8153039449825883	0.705	
iter	4870	0.5136831895215437	0.8062500000000002	0.8495425479486585	0.7237500000000001	
iter	4880	0.5251832720823586	0.8125000000000003	0.854877769947052	0.6812499999999999	
iter	4890	0.45568114379420877	0.8200000000000001	0.874468307942152	0.6787500000000002	
iter	4900	0.40003341902047396	0.8500000000000002	0.8607672415673733	0.7000000000000001	
iter	4910	0.5573337827809155	0.79	0.8205241831019521	0.7124999999999999	
iter	4920	0.40323343966156244	0.8437500000000001	0.9443157641217113	0.67125	
iter	4930	0.5393460940103978	0.8099999999999999	0.8121681893244386	0.7175000000000001	
iter	4940	0.4737472516717389	0.8450000000000003	0.7809982830658555	0.7012499999999998	
iter	4950	0.42410693829879165	0.8412500000000002	0.8374442900530994	0.7037500000000002	
iter	4960	0.4431467172689736	0.84125	0.7986648483201861	0.7037500000000001	
iter	4970	0.4784661838784814	0.8137500000000002	0.8238253938034177	0.6900000000000001	
iter	4980	0.45791532075963914	0.8225	0.8845127020031214	0.6762499999999998	
iter	4990	0.4531585043296218	0.83	0.8357691895216703	0.7050000000000001	
iter	5000	0.47425964823924005	0.8125000000000002	0.8926526587456465	0.6587500000000002	
iter	5010	0.44024922931566834	0.8487499999999999	0.8863777192309499	0.6662500000000002	
iter	5020	0.5529490234330297	0.7950000000000002	0.8788436856120825	0.6825	
iter	5030	0.5257964548654854	0.7987500000000001	0.875147508457303	0.7025000000000002	
iter	5040	0.4830831049475819	0.8037500000000003	0.8419499453157187	0.7050000000000001	
iter	5050	0.46537335426546633	0.8050000000000004	0.8559210868552327	0.6875	
iter	5060	0.524866599123925	0.7925000000000001	0.8958657230250537	0.6800000000000003	
iter	5070	0.45664939656853676	0.8362500000000003	0.9185089142993093	0.6737500000000001	
iter	5080	0.4414952606894076	0.8325000000000002	0.8087373394519091	0.7037500000000001	
iter	5090	0.4926065686158836	0.8225000000000003	0.9525062558241189	0.6687500000000001	
iter	5100	0.5141058033332229	0.8025000000000002	0.8623718195594847	0.6975	
iter	5110	0.468119086464867	0.8387500000000003	0.789785766042769	0.7062500000000002	
iter	5120	0.44171507144346833	0.8350000000000001	0.9399328036233783	0.64375	
iter	5130	0.5553015172481537	0.80125	0.7666644211858511	0.7150000000000001	
iter	5140	0.52338039688766	0.8162500000000001	0.8029081337153912	0.7050000000000001	
iter	5150	0.5142664089798927	0.8137500000000001	0.7794253192842007	0.7012500000000003	
iter	5160	0.37900476227514446	0.8650000000000003	0.8454500641673803	0.68125	
iter	5170	0.46435899939388037	0.8287500000000002	0.8644926594570279	0.68625	
iter	5180	0.4678029431961477	0.8300000000000002	0.9001013971865177	0.6825000000000001	
iter	5190	0.4536986171733588	0.8575	0.9810693757608533	0.6312500000000002	
iter	5200	0.44277393189258873	0.8237500000000001	0.8873976431787014	0.6812500000000001	
iter	5210	0.4446014976128936	0.8250000000000002	0.920527724083513	0.6887500000000002	
iter	5220	0.49853533413261175	0.8162500000000001	0.9134797658771276	0.6800000000000003	
iter	5230	0.46956764813512564	0.8287500000000003	0.9655730947852135	0.6400000000000001	
iter	5240	0.4503722523804754	0.83625	0.8118075598031282	0.7162499999999999	
iter	5250	0.5068544885143638	0.82125	0.8537569288164377	0.6925	
iter	5260	0.4911827761679888	0.8187500000000005	0.8730015926994383	0.69375	
iter	5270	0.4791083945892751	0.8125000000000003	0.8560493090189993	0.6850000000000002	
iter	5280	0.526890960521996	0.7825000000000002	0.8044382575899363	0.7125000000000002	
iter	5290	0.5516059207729995	0.8037500000000001	1.0049003940075636	0.6425000000000001	
iter	5300	0.3879617294296622	0.8612500000000001	1.0170597042888403	0.63625	
iter	5310	0.4253658056259155	0.8337500000000002	0.9019852858036757	0.68	
iter	5320	0.47536095161922276	0.8200000000000003	0.8161075264215469	0.7075000000000001	
iter	5330	0.5130352177657187	0.8150000000000002	0.8450405551120639	0.72	
iter	5340	0.5093258668202907	0.8025	0.8486064253374934	0.6700000000000002	
iter	5350	0.5174352512694895	0.7950000000000002	0.8379645748063922	0.7075000000000002	
iter	5360	0.43134552985429764	0.8412500000000003	0.801309822127223	0.7037500000000001	
iter	5370	0.37182479724287987	0.8587500000000003	0.7987455010879785	0.70125	
iter	5380	0.5034321364946663	0.82125	0.8835783684626222	0.6950000000000003	
iter	5390	0.5072678639553487	0.8125000000000001	0.8789010755717754	0.7037500000000001	
iter	5400	0.4395270064705983	0.8350000000000002	0.8886124892160296	0.6900000000000002	
iter	5410	0.4058093731291592	0.8400000000000003	0.8178024445660412	0.70125	
iter	5420	0.5344471116550267	0.795	0.8909497652202845	0.6475	
iter	5430	0.4181093315128237	0.84125	0.8605575636029243	0.67625	
iter	5440	0.3842473584227264	0.8562500000000002	0.8320184098556638	0.6925000000000002	
iter	5450	0.4518821332603693	0.8462500000000003	0.86543969810009	0.7012500000000003	
iter	5460	0.44869351852685213	0.8362499999999999	0.8289611805230379	0.6962500000000001	
iter	5470	0.42946781241334975	0.8350000000000002	0.8688692841678858	0.66625	
iter	5480	0.4382653853390366	0.8550000000000002	0.7692345231771469	0.70625	
iter	5490	0.39370229362975806	0.8562500000000003	0.7724644443951547	0.7037500000000001	
iter	5500	0.5177007946185768	0.8050000000000003	0.7900291467085481	0.7262500000000002	
iter	5510	0.4221800455125049	0.8337500000000001	0.8894032230600715	0.6937500000000001	
iter	5520	0.48114338517189026	0.8162500000000004	0.8167682262137532	0.7100000000000001	
iter	5530	0.4567421867977828	0.8250000000000003	0.8084387155249715	0.7037500000000001	
iter	5540	0.478619652800262	0.8275000000000001	0.9534456711262465	0.6587500000000001	
iter	5550	0.4379839771427214	0.8387500000000002	0.9280524770729244	0.6762499999999999	
iter	5560	0.41095699882134795	0.8350000000000003	0.9009988764300942	0.6762500000000001	
iter	5570	0.49772364809177816	0.7987500000000001	0.944964756257832	0.6750000000000003	
iter	5580	0.4504312016069889	0.8325000000000001	0.9140894757583737	0.6550000000000001	
iter	5590	0.44967913068830967	0.8250000000000002	0.8556128600612283	0.6962500000000003	
iter	5600	0.44924451026599854	0.84875	0.9164368789643049	0.6825000000000001	
iter	5610	0.4652625296730548	0.8325000000000005	0.9304363820701838	0.6725	
iter	5620	0.4387141652405262	0.8312500000000003	0.845364436507225	0.6837500000000001	
iter	5630	0.43558321497403085	0.8275000000000002	0.7440020688809454	0.7312500000000001	
iter	5640	0.48321381164714694	0.8225	0.880400094203651	0.6974999999999999	
iter	5650	0.42785989958792925	0.8375	0.9953975593671203	0.63	
iter	5660	0.516162944259122	0.8075000000000002	0.8950321637094021	0.6575	
iter	5670	0.43254757253453135	0.8362500000000002	0.8543349234387279	0.6937500000000001	
iter	5680	0.46056179236620665	0.8150000000000001	0.8741237502545118	0.6887500000000001	
iter	5690	0.5280681448057294	0.8100000000000002	0.8050298527814448	0.6937500000000001	
iter	5700	0.5267520241905004	0.8175	0.7831757690291852	0.7000000000000002	
iter	5710	0.45015443582087755	0.8262500000000003	0.9097190648317337	0.67	
iter	5720	0.4671855536289513	0.8425000000000002	0.9371898360550404	0.6625	
iter	5730	0.524393136613071	0.81625	0.8910375363193452	0.7150000000000002	
iter	5740	0.4318680469878018	0.8350000000000002	0.8360896948724985	0.6912500000000001	
iter	5750	0.5295003890059888	0.7925000000000003	0.9156717779114842	0.6837500000000001	
iter	5760	0.5827284585684538	0.7899999999999999	0.9425386190414429	0.64875	
iter	5770	0.4025139913428575	0.8400000000000003	0.8776700897142291	0.7012500000000002	
iter	5780	0.5535675617866218	0.7887500000000001	0.8439269633963704	0.71625	
iter	5790	0.506718807388097	0.8175000000000001	0.8051276998594403	0.6962499999999999	
iter	5800	0.47307528159581125	0.8287500000000002	0.8312308005988598	0.7050000000000002	
iter	5810	0.5134855015203357	0.82375	0.7970052352175117	0.7137500000000003	
iter	5820	0.40435826522298157	0.8400000000000001	0.855790845118463	0.6875000000000001	
iter	5830	0.47449421253986657	0.8312500000000002	0.8040104126557708	0.7187500000000003	
iter	5840	0.45701928390190005	0.8425000000000004	0.9055553069338202	0.6712500000000002	
iter	5850	0.4660808267071843	0.8225000000000001	0.9419697616249323	0.6562500000000001	
iter	5860	0.46738545736297965	0.8225000000000002	0.8939904347062111	0.68	
iter	5870	0.4042946465779096	0.8375000000000004	0.9980498850345612	0.6412500000000001	
iter	5880	0.44049165630713105	0.8337500000000002	0.9433800661936402	0.6787500000000003	
iter	5890	0.4556029196828604	0.8350000000000003	0.7998060784302652	0.70125	
iter	5900	0.4341551959514618	0.8487500000000003	0.8064274722710252	0.7112499999999999	
iter	5910	0.40907781873829663	0.8462500000000003	0.9412478003650904	0.6612500000000001	
iter	5920	0.42929527210071683	0.8475000000000001	0.7882351446896791	0.7050000000000002	
iter	5930	0.3838677981402725	0.8600000000000002	0.9900477724149823	0.6500000000000001	
iter	5940	0.4020691129844636	0.8525000000000001	0.9260995518416166	0.6600000000000001	
iter	5950	0.4167793218512088	0.8575	1.0111424438655376	0.6475000000000002	
iter	5960	0.40175655111670494	0.8462500000000003	0.9435916235670447	0.6850000000000002	
iter	5970	0.4528156144078821	0.83625	0.9105719728395343	0.6687500000000001	
iter	5980	0.4784179851412773	0.8200000000000002	0.8462082436308265	0.685	
iter	5990	0.4348587468266487	0.8450000000000004	0.8864996861666441	0.6750000000000002	
iter	6000	0.3846885245293379	0.8600000000000004	0.9056890970095992	0.6825000000000001	
iter	6010	0.5027614952996373	0.8262499999999999	0.8891911590471864	0.6975	
iter	6020	0.38952818186953664	0.8687500000000002	0.7350233951583505	0.7350000000000002	
iter	6030	0.46801464818418026	0.8200000000000001	0.9537026109173894	0.6475000000000001	
iter	6040	0.47193061490543187	0.8300000000000003	0.8751507010310888	0.68875	
iter	6050	0.3613378253648989	0.8650000000000001	0.8307071351446211	0.7087500000000002	
iter	6060	0.4473976125009358	0.8325000000000002	0.8196033858694136	0.7187499999999999	
iter	6070	0.4359475118108094	0.8300000000000003	0.8855086569674313	0.6762500000000002	
iter	6080	0.46023503481410444	0.8225000000000002	0.873818889260292	0.6900000000000003	
iter	6090	0.3609994341386482	0.8625	0.8229380957782269	0.68625	
iter	6100	0.4766637170687318	0.8325000000000001	0.8926910255104303	0.7012500000000002	
iter	6110	0.42816135683096945	0.8375000000000004	0.8106531053781509	0.7112500000000002	
iter	6120	0.4052769721020013	0.8625000000000003	0.878289551474154	0.6775	
iter	6130	0.41051744448486716	0.8537499999999999	0.8882473986595869	0.6762500000000001	
iter	6140	0.4564248942770064	0.8312500000000003	0.94833102542907	0.6587500000000002	
iter	6150	0.42994908313266933	0.8350000000000001	0.8574548549950123	0.6787500000000001	
iter	6160	0.4310863493010402	0.8487500000000003	0.8881814107298851	0.705	
iter	6170	0.39057978009805083	0.8362500000000002	1.000011870637536	0.6750000000000002	
iter	6180	0.4344021361321211	0.8537500000000002	0.8100508847273886	0.7312500000000001	
iter	6190	0.42068020161241293	0.8437500000000001	0.9793629036284983	0.6512500000000001	
iter	6200	0.5001286906190217	0.8450000000000002	0.9187114825472236	0.6912500000000003	
iter	6210	0.46201799158006907	0.8237500000000004	0.8279119180515409	0.7087500000000002	
iter	6220	0.3555755070410669	0.8637500000000001	1.0357828438282013	0.645	
iter	6230	0.4243962860200554	0.8412500000000003	0.9355904422700405	0.6749999999999999	
iter	6240	0.4909648506436497	0.8150000000000002	0.883184602484107	0.6725	
iter	6250	0.40085328184068203	0.8525000000000001	0.8305371012538671	0.6975	
iter	6260	0.48389501753263175	0.8175000000000001	0.9423647308722138	0.64125	
iter	6270	0.49388157739304006	0.8125000000000001	0.9200769774615765	0.6900000000000002	
iter	6280	0.414519717451185	0.8462500000000001	0.7828766223974526	0.7187500000000001	
iter	6290	0.5083920625038445	0.8225000000000002	0.8061048609670252	0.7150000000000003	
iter	6300	0.485134968184866	0.8200000000000004	0.8682149313390255	0.6875000000000002	
iter	6310	0.3841054781805724	0.8625000000000003	0.7635707869194448	0.7225000000000004	
iter	6320	0.39917396171949804	0.8587500000000002	0.8049878003075719	0.7225	
iter	6330	0.41449033422395587	0.8425000000000002	0.8593210969120264	0.6675000000000001	
iter	6340	0.3143900886643678	0.8937500000000002	0.8752937475219369	0.6837499999999999	
iter	6350	0.4203682367224246	0.8475000000000004	0.8568286439403892	0.6900000000000001	
iter	6360	0.44890511501580477	0.8287500000000004	0.8871779078617692	0.7	
iter	6370	0.4310659752227366	0.8412500000000002	0.9757947884500027	0.6450000000000001	
iter	6380	0.42099815560504794	0.8575	0.9270513476803899	0.6587500000000001	
iter	6390	0.4110263609327376	0.8600000000000004	0.9981447411701083	0.64625	
iter	6400	0.4262347898911685	0.8400000000000001	0.9368647006340325	0.6812499999999999	
iter	6410	0.5014727408997715	0.8125000000000001	0.838452585041523	0.715	
iter	6420	0.4405089607462287	0.8375000000000002	0.7943622348830104	0.71	
iter	6430	0.46534956677351147	0.8162500000000001	0.8716092528775334	0.6937500000000001	
iter	6440	0.4749118979088962	0.8162500000000003	0.8925057714805007	0.6937500000000001	
iter	6450	0.39799158833920956	0.8600000000000001	0.9441434852778912	0.6637500000000002	
iter	6460	0.4210597600322217	0.8412500000000004	0.8387307217344642	0.70875	
iter	6470	0.4293892104178667	0.8450000000000002	0.8179181162267923	0.6975000000000003	
iter	6480	0.3969661397859454	0.8525000000000004	0.8685344411060214	0.6812500000000002	
iter	6490	0.4338042613235302	0.845	0.7654317021369934	0.71625	
iter	6500	0.4524393070023507	0.8300000000000002	0.8801516918465495	0.6812500000000001	
iter	6510	0.4322676353622228	0.8325000000000001	0.8393189995549619	0.6887500000000002	
iter	6520	0.4156851996667683	0.8575000000000003	0.8826291067525744	0.6762500000000001	
iter	6530	0.37454234482720494	0.8612500000000003	0.8331836136057973	0.6887500000000002	
iter	6540	0.4442473705857992	0.8337500000000002	0.9373824270442128	0.6675000000000001	
iter	6550	0.5130145663861185	0.8125000000000002	0.8460998777300119	0.7050000000000001	
iter	6560	0.542901314329356	0.8150000000000002	0.9171912781894207	0.64375	
iter	6570	0.4356580781750381	0.8450000000000003	0.9544367510825396	0.6587500000000001	
iter	6580	0.40837760851718485	0.8562500000000002	1.0409888103604317	0.6675	
iter	6590	0.5524767385795712	0.81	0.9667921802029014	0.6474999999999999	
iter	6600	0.3986024990445003	0.8575000000000003	0.8961437521502376	0.6750000000000002	
iter	6610	0.4323380927089602	0.8550000000000002	0.900347301736474	0.6850000000000003	
iter	6620	0.46183329983614385	0.8125000000000002	0.9228485431522131	0.6512500000000001	
iter	6630	0.5050073494203389	0.8150000000000001	0.924959197640419	0.6700000000000002	
iter	6640	0.4168132042977959	0.8437500000000002	0.8425927618518472	0.7012499999999999	
iter	6650	0.43317878688685596	0.8425	0.8602299029007554	0.6987500000000001	
iter	6660	0.48934677243232727	0.83625	0.9201826239004731	0.6812500000000001	
iter	6670	0.3517134734429419	0.875	0.9166302056983113	0.6737500000000001	
iter	6680	0.40240707877092063	0.8512500000000003	0.9050400902051479	0.6712500000000001	
iter	6690	0.397164995316416	0.8500000000000003	0.942850180901587	0.655	
iter	6700	0.41354824882000685	0.8362500000000002	0.9593073651194572	0.65625	
iter	6710	0.4268486024811864	0.8475000000000003	0.809449071995914	0.7012500000000003	
iter	6720	0.4761644680984318	0.8237500000000003	0.9802727438509464	0.6612499999999999	
iter	6730	0.4523652410134673	0.8225000000000003	0.826132919639349	0.6987500000000001	
iter	6740	0.40506406052736565	0.8525000000000003	0.8336591171100736	0.7137500000000001	
iter	6750	0.3695415254915133	0.8687500000000001	0.8776212679222226	0.6925000000000001	
iter	6760	0.36671115388162434	0.8537500000000002	0.8242213781923056	0.69375	
iter	6770	0.4693464543670416	0.8250000000000002	0.8886759579181671	0.6587500000000001	
iter	6780	0.39159940113313496	0.8537500000000001	0.9180828183889389	0.6837500000000003	
iter	6790	0.3985134670510888	0.8612500000000001	0.8441865975037217	0.6775000000000001	
iter	6800	0.420091888634488	0.855	0.8374840361066163	0.70375	
iter	6810	0.45813679334241897	0.8362500000000003	0.8668961776420474	0.6962500000000001	
iter	6820	0.4075821782462299	0.8375	0.9032002184540033	0.68	
iter	6830	0.4963104100897908	0.8200000000000002	0.6958310343325138	0.7362500000000002	
iter	6840	0.3912768312729895	0.8475000000000003	0.820646321401	0.6887500000000001	
iter	6850	0.4348027240484953	0.8575000000000004	1.0038172416388988	0.6550000000000001	
iter	6860	0.4310017859679647	0.83125	0.9090128522366285	0.6775000000000001	
iter	6870	0.4329752651974559	0.8287500000000003	0.8761557666584849	0.6825	
iter	6880	0.46223700512200594	0.83625	0.8058231305330992	0.6900000000000001	
iter	6890	0.3756240415968932	0.8725000000000002	0.9189783958718181	0.6800000000000002	
iter	6900	0.5262460457161069	0.8150000000000001	0.8711623242124915	0.7100000000000003	
iter	6910	0.4872682155109942	0.8400000000000004	0.7973321811296046	0.715	
iter	6920	0.44409561285283417	0.8250000000000003	0.9027404114603996	0.6712500000000001	
iter	6930	0.4246210288256407	0.8462500000000003	0.8723216634243727	0.6687500000000002	
iter	6940	0.3960347429383546	0.8600000000000003	0.8006558418273926	0.7125000000000001	
iter	6950	0.38161717844195664	0.8600000000000002	0.9629700481891632	0.6687500000000002	
iter	6960	0.42705375608056784	0.8387500000000002	0.8064262205734849	0.7062499999999999	
iter	6970	0.4090371180791408	0.8562500000000003	0.8884397111833096	0.6837500000000001	
iter	6980	0.38130687561351806	0.8587500000000001	0.8528776816092432	0.7087500000000001	
iter	6990	0.48785501811653376	0.81	0.8972775656729937	0.6675000000000001	
iter	7000	0.41770621249452233	0.8425000000000004	0.8903311733156443	0.6837500000000001	
iter	7010	0.45417477283626795	0.8525000000000001	0.9930320167914033	0.6587500000000001	
iter	7020	0.5911531136371195	0.7750000000000001	1.003105504438281	0.6562500000000002	
iter	7030	0.4505723798647523	0.8325	0.8506306214258075	0.7162500000000003	
iter	7040	0.5154556091874838	0.8124999999999999	0.9452076405286789	0.65375	
iter	7050	0.4407565293367952	0.8437500000000004	0.9021173436194658	0.66375	
iter	7060	0.44483919779304415	0.8337500000000002	0.8766393726691604	0.6962499999999999	
iter	7070	0.4621606972068548	0.8300000000000003	0.9476065207272768	0.65375	
iter	7080	0.3473828175337985	0.8737500000000002	0.9396120896562934	0.6612500000000001	
iter	7090	0.4543802449479699	0.83625	0.8854663418605924	0.6962500000000001	
iter	7100	0.4450630093924701	0.8400000000000003	0.9289909331128001	0.6562500000000002	
iter	7110	0.40594521816819906	0.8450000000000001	0.8688314147293568	0.68875	
iter	7120	0.44193984172306955	0.8462500000000003	0.7798886159434915	0.6912500000000001	
iter	7130	0.4199034527409822	0.8537500000000005	0.8614750048145652	0.6975000000000001	
iter	7140	0.4166981251910329	0.8575000000000004	0.8668604241684079	0.675	
iter	7150	0.47003602236509323	0.8137500000000003	0.760471822693944	0.7224999999999999	
iter	7160	0.40424925996921957	0.8437500000000003	0.7883457634598017	0.7250000000000002	
iter	7170	0.3603548966348171	0.8612500000000003	0.8820781167596579	0.6537499999999999	
iter	7180	0.4355805590748787	0.8462500000000003	0.8498713090084493	0.7075000000000001	
iter	7190	0.4726945129223168	0.8475000000000001	0.8611643044278026	0.6825	
iter	7200	0.4809839781373739	0.8125000000000002	0.9380598496645689	0.65875	
iter	7210	0.4552194105926901	0.8287500000000001	0.9103820654563606	0.6775000000000001	
iter	7220	0.40767882112413645	0.8462500000000003	0.9518543090671301	0.6599999999999999	
iter	7230	0.40947651816532016	0.8550000000000002	0.8718360885977745	0.6900000000000001	
iter	7240	0.33946043357718736	0.8837500000000003	0.8989330409094691	0.6637500000000002	
iter	7250	0.31863939226605	0.8825000000000004	0.8300134586170316	0.695	
iter	7260	0.4637159053236246	0.8400000000000002	0.8298816019669175	0.70875	
iter	7270	0.4250943440711126	0.8550000000000001	0.7917396649718285	0.71	
iter	7280	0.37633940612431616	0.8575000000000003	0.9125475464388728	0.6662500000000001	
iter	7290	0.38408047845587134	0.8475000000000001	0.794016633182764	0.695	
iter	7300	0.4249878590926528	0.8387500000000002	0.8910774188116193	0.6887500000000001	
iter	7310	0.38629864738322794	0.87	0.8326764549128711	0.7050000000000001	
iter	7320	0.3957923816051334	0.8600000000000002	0.8356916718184948	0.69375	
iter	7330	0.4456398995826021	0.8412499999999999	0.9225571898277849	0.6637500000000002	
iter	7340	0.4268453409895301	0.84	1.0449626161716878	0.6312500000000002	
iter	7350	0.4848479141946882	0.8100000000000004	0.7981763565912843	0.69625	
iter	7360	0.4060872090049088	0.8562500000000002	0.9415012001991272	0.6537500000000002	
iter	7370	0.3554109561955556	0.8612500000000001	0.9065168844535947	0.6550000000000001	
iter	7380	0.46031215763650835	0.82875	0.8233581464737654	0.7175	
iter	7390	0.4081493550911546	0.8400000000000002	0.9442857136018574	0.655	
iter	7400	0.4375631371513009	0.8262499999999999	0.9089112970978022	0.6825000000000001	
iter	7410	0.43998176499735564	0.8512500000000001	0.9771741013973951	0.6575000000000001	
iter	7420	0.40438006166368723	0.8425000000000002	0.9554667249321938	0.6712500000000002	
iter	7430	0.49176204786635935	0.8112500000000004	0.8934199046343565	0.6849999999999999	
iter	7440	0.3802196196047589	0.855	0.8553384486585855	0.6775	
iter	7450	0.41290774289518595	0.8512500000000002	0.7980934302322567	0.7037500000000002	
iter	7460	0.4267419136594981	0.8475000000000003	0.9533748757094145	0.6725	
iter	7470	0.3993608297314495	0.8512500000000002	0.8033866402693093	0.7037500000000001	
iter	7480	0.407867424772121	0.8475000000000004	0.9511413611471653	0.6525000000000002	
iter	7490	0.4337242293404415	0.8475000000000003	0.8728795144706964	0.6975000000000001	
iter	7500	0.44986306969076395	0.8375000000000001	0.8912460329011083	0.6612500000000001	
iter	7510	0.4314701692201197	0.84875	0.852529838681221	0.6912500000000001	
iter	7520	0.4036545120179653	0.8487500000000002	0.8712311927229166	0.7012500000000002	
iter	7530	0.42475383763667196	0.8262500000000002	0.82687983289361	0.6975000000000001	
iter	7540	0.41044702264480293	0.8612500000000004	0.9093051999807358	0.68625	
iter	7550	0.3834274070104584	0.8575	0.9874496972188354	0.6462500000000001	
iter	7560	0.42089383001439273	0.8500000000000001	0.8683545980602503	0.6725000000000001	
iter	7570	0.3970010494813323	0.8587500000000003	0.832368828356266	0.6862499999999999	
iter	7580	0.3635300900787115	0.8600000000000002	0.949735433794558	0.6712500000000001	
iter	7590	0.4236841010861099	0.8400000000000004	1.0198381673544645	0.6300000000000001	
iter	7600	0.4401443409733474	0.8375000000000002	0.9941791114397347	0.6224999999999999	
iter	7610	0.3503936973866075	0.8762500000000003	0.9124489761888981	0.6812500000000001	
iter	7620	0.350387757178396	0.8662500000000002	0.924698194488883	0.6625	
iter	7630	0.4422506345435977	0.8325000000000002	1.0182525496929884	0.6225000000000003	
iter	7640	0.45188827090896666	0.8375000000000002	0.9137747762724757	0.6675000000000002	
iter	7650	0.4499925929121673	0.8400000000000004	0.8476026011630893	0.6700000000000002	
iter	7660	0.36126482649706304	0.8712500000000002	0.8378247180953622	0.6925	
iter	7670	0.5159577359445393	0.8000000000000002	0.8888638289645314	0.6699999999999999	
iter	7680	0.4333608679007739	0.8475000000000001	0.8665135819464922	0.6737500000000001	
iter	7690	0.3999227252788842	0.8525000000000004	0.8342569274827838	0.7000000000000001	
iter	7700	0.365565704414621	0.8575000000000003	0.7816727077588439	0.7275000000000001	
iter	7710	0.44690548116341233	0.8187500000000002	0.8782806000672281	0.6900000000000001	
iter	7720	0.3343791710212827	0.8725000000000002	0.802239983342588	0.7000000000000002	
iter	7730	0.3954374750610441	0.8587500000000003	0.9230295335873961	0.6712500000000001	
iter	7740	0.3889132037293166	0.8375000000000002	0.8873910121619701	0.6900000000000001	
iter	7750	0.3403361374512315	0.8700000000000002	0.9785692258737981	0.65125	
iter	7760	0.42946444684639573	0.8462500000000001	0.903325698338449	0.6787500000000001	
iter	7770	0.47525326488539577	0.8250000000000002	0.7693437687121332	0.7250000000000002	
iter	7780	0.3775187286082655	0.8675000000000004	0.8267888082191348	0.7162500000000002	
iter	7790	0.4184190877713263	0.8362500000000003	0.8643270307220519	0.6737500000000002	
iter	7800	0.3878660404589027	0.8537500000000001	0.9701938861981034	0.6625000000000001	
iter	7810	0.41452747536823153	0.8375000000000001	0.8927258513867855	0.6687500000000001	
iter	7820	0.38240852300077677	0.8625000000000003	0.8509799288585782	0.7012500000000003	
iter	7830	0.41438836697489023	0.8475000000000003	0.9363233372569084	0.6812500000000001	
iter	7840	0.3940953209530562	0.8487500000000001	0.7949449857696891	0.7012500000000002	
iter	7850	0.43166971835307777	0.8487500000000002	0.8692885162308812	0.6825000000000001	
iter	7860	0.4319668693933636	0.8425000000000001	0.8145449031144381	0.71125	
iter	7870	0.39714115811511874	0.8525000000000001	0.8588055670261383	0.6775	
iter	7880	0.5303261980880052	0.7962500000000001	0.8609534027054906	0.6912500000000001	
iter	7890	0.43303645169362426	0.8425000000000004	0.9884017137810588	0.6637500000000002	
iter	7900	0.3664563006022945	0.8850000000000001	0.8478431915864348	0.6775000000000002	
iter	7910	0.3695047805085778	0.8625000000000003	0.8665665742009878	0.6975	
iter	7920	0.3990969811566174	0.8537500000000005	0.8721913946792483	0.6825	
iter	7930	0.4373387072701007	0.8375000000000002	0.7935168338008225	0.6887500000000001	
iter	7940	0.5184915475547314	0.8175000000000003	0.9163573132827878	0.65375	
iter	7950	0.413166836835444	0.8362500000000002	1.013942706398666	0.6412499999999999	
iter	7960	0.4035562239587307	0.8575000000000003	0.9690657085739076	0.6362500000000001	
iter	7970	0.5114669755566865	0.8200000000000001	0.9961370844393969	0.64375	
iter	7980	0.3385009484481998	0.8650000000000001	0.981642622500658	0.6937500000000001	
iter	7990	0.49943480477668345	0.8162500000000001	0.9281409746035933	0.6712500000000002	
iter	8000	0.4278603077400476	0.8525000000000001	0.8630578266456723	0.6812499999999999	
iter	8010	0.3136797717306763	0.8787500000000001	0.9335882528685033	0.6525000000000001	
iter	8020	0.426538402447477	0.8500000000000001	0.8486781492829323	0.6925000000000001	
iter	8030	0.46819427073933184	0.825	0.8644341416656971	0.6862500000000001	
iter	8040	0.5266917790286243	0.8112500000000002	0.7987023061141372	0.7062500000000002	
iter	8050	0.45202430710196495	0.8250000000000001	0.8944363053888083	0.6800000000000002	
iter	8060	0.47960773669183254	0.82125	0.8009383268654346	0.6825000000000002	
iter	8070	0.44603190338239074	0.8250000000000002	0.969486465677619	0.6775000000000001	
iter	8080	0.3407693484914489	0.8700000000000002	0.9013526476919651	0.6775000000000001	
iter	8090	0.31578117213211954	0.88375	0.8495243582874537	0.6787500000000003	
iter	8100	0.4442669169511646	0.825	0.9311932171694934	0.6750000000000002	
iter	8110	0.4339968473650515	0.8462500000000003	0.9391336794942617	0.6637500000000002	
iter	8120	0.39556753216311336	0.84375	0.8018180401995778	0.7050000000000001	
iter	8130	0.43475371168460697	0.8425000000000001	0.9788654977455735	0.6700000000000003	
iter	8140	0.42629174096509814	0.8475000000000003	0.8036370687186718	0.715	
iter	8150	0.3508449394721538	0.8675000000000002	0.9473144635558128	0.6649999999999999	
iter	8160	0.4969502226449549	0.8262500000000003	1.0110329231247306	0.6362499999999999	
iter	8170	0.4230100647546351	0.8437500000000003	0.993848841637373	0.65125	
iter	8180	0.35762804409023374	0.8650000000000003	0.9594441959634423	0.65125	
iter	8190	0.4742262549698353	0.8337500000000001	0.8797403573989868	0.6537500000000002	
iter	8200	0.43982014735229313	0.8412500000000002	0.786157151684165	0.72375	
iter	8210	0.4028707155957818	0.8462500000000002	0.9810975948348641	0.6462500000000001	
iter	8220	0.40129527542740107	0.8762500000000001	0.845786071382463	0.6900000000000002	
iter	8230	0.42027406429406255	0.8475000000000001	0.8635106501169503	0.6825000000000002	
iter	8240	0.39544806303456426	0.8600000000000002	0.8612055759876966	0.6625	
iter	8250	0.3271458533126861	0.8862500000000004	0.8588038058951497	0.6962500000000001	
iter	8260	0.3678827884141356	0.8612500000000002	0.9121551839634776	0.6687500000000001	
iter	8270	0.44413017481565475	0.8400000000000003	0.892757666297257	0.6675	
iter	8280	0.36335717234760523	0.8675000000000003	0.9179058317095041	0.6599999999999999	
iter	8290	0.43507205869536847	0.8300000000000001	0.9015546031296253	0.6624999999999999	
iter	8300	0.37600674177519977	0.8662500000000002	0.8987049567513168	0.6812500000000001	
iter	8310	0.39064911543391645	0.8550000000000002	0.9789218138903379	0.63375	
iter	8320	0.429725086549297	0.8525	0.8709565838798881	0.67	
iter	8330	0.5003586365492083	0.8087500000000001	0.9594078818336129	0.6725000000000001	
iter	8340	0.4293590523302555	0.8412500000000002	0.8755920743569732	0.6725000000000001	
iter	8350	0.3942880292888731	0.8462500000000003	0.8173149963840842	0.7025	
iter	8360	0.47466254560276866	0.8325	0.9593372764065862	0.6625000000000001	
iter	8370	0.40362727362662554	0.8387500000000002	0.897374358959496	0.7050000000000003	
iter	8380	0.3692789536435157	0.8700000000000004	0.7550009419210255	0.7250000000000001	
iter	8390	0.44569194433279335	0.8400000000000004	0.966977777890861	0.6525000000000002	
iter	8400	0.4013705966062844	0.8525000000000001	0.8995972275733948	0.6850000000000003	
iter	8410	0.37512475810945034	0.8575000000000002	0.8791696270927787	0.6787500000000001	
iter	8420	0.40777614526450634	0.8650000000000001	0.9301050547510386	0.67125	
iter	8430	0.43089621630497277	0.8375000000000002	0.762513323687017	0.7237500000000002	
iter	8440	0.39082920528016984	0.8600000000000001	0.7862688023597002	0.7050000000000001	
iter	8450	0.3737967675551772	0.8737500000000002	0.9206640962511301	0.6624999999999999	
iter	8460	0.40211291378363967	0.8512500000000002	0.8192508881911635	0.7150000000000001	
iter	8470	0.3860846501775086	0.8512500000000001	0.9130895854905248	0.6687500000000001	
iter	8480	0.44381752610206604	0.8350000000000003	0.8378608757629991	0.7000000000000003	
iter	8490	0.38832469284534454	0.8562500000000006	0.9061514441855252	0.6887500000000002	
iter	8500	0.413444651174359	0.84	0.9480275325477123	0.6699999999999999	
iter	8510	0.4296690537594259	0.8437500000000002	0.9241519728675485	0.6787499999999999	
iter	8520	0.3363797040656209	0.8687500000000004	0.9299252713099122	0.6725000000000001	
iter	8530	0.3732770859496668	0.8687500000000001	0.8114877478219569	0.6925000000000001	
iter	8540	0.44197369553148746	0.8362500000000003	0.940939630381763	0.6475000000000001	
iter	8550	0.4359053784282878	0.8487500000000002	0.8859538277611136	0.6912499999999998	
iter	8560	0.40365979343187064	0.8550000000000003	0.876132492441684	0.6700000000000003	
iter	8570	0.3576552630402148	0.8675	0.8855822617188096	0.6900000000000002	
iter	8580	0.41170737450011075	0.8512500000000003	0.8750685099512339	0.69375	
iter	8590	0.36600636155344546	0.8600000000000003	0.8910860065370798	0.68625	
iter	8600	0.4762126370333135	0.8300000000000002	0.8134702323004603	0.7112500000000002	
iter	8610	0.45873447810299695	0.8412500000000003	0.9205197254195809	0.66375	
iter	8620	0.44320598896592855	0.8187500000000002	0.8047627583146095	0.7012500000000003	
iter	8630	0.41383056063205004	0.8412500000000002	0.9277705806307495	0.6737500000000001	
iter	8640	0.44417221436742693	0.8375000000000004	0.8815878625027835	0.6737500000000003	
iter	8650	0.38840664364397526	0.8575000000000002	0.8584025553427637	0.67875	
iter	8660	0.3928420221200213	0.8525000000000001	0.9967531338334084	0.65875	
iter	8670	0.5032656439580023	0.8175000000000003	0.8441612324677408	0.7	
iter	8680	0.4244971734005958	0.8587500000000003	0.8386095957830548	0.70125	
iter	8690	0.42304479191079736	0.8475000000000004	0.8362786495126784	0.6962500000000001	
iter	8700	0.43611545499879867	0.8425000000000001	0.7597371130250394	0.7312500000000002	
iter	8710	0.38097601383924484	0.8575000000000002	0.9453676869161427	0.65375	
iter	8720	0.40372601919807494	0.85875	0.9497199426405132	0.68125	
iter	8730	0.3426285188179463	0.8762500000000003	0.9300478994846344	0.6575000000000002	
iter	8740	0.3846470321295783	0.8537500000000001	0.8148715770803392	0.6975000000000001	
iter	8750	0.3691440490074456	0.8750000000000001	0.8450168687850237	0.6912500000000001	
iter	8760	0.40698317065835	0.8512500000000002	0.9403182868845761	0.6637500000000003	
iter	8770	0.40980443730950356	0.8475000000000003	0.8943534896243364	0.6775000000000001	
iter	8780	0.40278586954809725	0.8537500000000001	0.792585046030581	0.7175	
iter	8790	0.34831361973192543	0.8737500000000002	0.8296880712732673	0.71625	
iter	8800	0.41730073979124427	0.8512500000000003	0.9093572292476892	0.67	
iter	8810	0.3351189485983923	0.8762500000000002	0.9089069319888949	0.68375	
iter	8820	0.4060343955643475	0.8575000000000003	0.7995183616876602	0.7	
iter	8830	0.3466950000729412	0.8737500000000001	0.8340332359075546	0.7050000000000002	
iter	8840	0.37735167797654867	0.8725000000000002	0.90529780741781	0.6712499999999999	
iter	8850	0.36481703305616975	0.8662500000000002	0.8874067300930619	0.68	
iter	8860	0.4568198164924979	0.8250000000000003	0.8513302346691489	0.6975000000000002	
iter	8870	0.4255833539646119	0.8325000000000002	1.0120626986026764	0.65375	
iter	8880	0.4415616578189656	0.84375	0.9008579617366195	0.6937500000000001	
iter	8890	0.34761008829809725	0.8687500000000002	0.9176755761727691	0.6799999999999999	
iter	8900	0.3796246126294136	0.875	0.8279223809950054	0.6937500000000001	
iter	8910	0.37204146303702146	0.8400000000000001	1.047927225008607	0.63625	
iter	8920	0.4075313378125429	0.8587500000000002	0.8405465250834823	0.6987500000000001	
iter	8930	0.3484846396604553	0.8737500000000004	0.7788149556145072	0.7125000000000002	
iter	8940	0.3715412011370063	0.8650000000000002	0.8259112900123	0.6937500000000001	
iter	8950	0.33427260047756135	0.8850000000000003	0.9244440393522382	0.6425	
iter	8960	0.4626307241851464	0.8087500000000002	0.9304254585877061	0.6612499999999999	
iter	8970	0.4391165201086551	0.8512500000000001	0.8039860669523478	0.6962499999999999	
iter	8980	0.4579326892271638	0.83375	0.7975448565557599	0.71375	
iter	8990	0.3550090570934117	0.8737500000000001	0.9578541610389948	0.6425000000000001	
iter	9000	0.45053242496214807	0.8425000000000001	0.9492074875161052	0.66625	
iter	9010	0.45515955798327923	0.8337500000000003	0.8980895392596722	0.67125	
iter	9020	0.4113918400835246	0.8437500000000003	0.8551231930032372	0.6950000000000001	
iter	9030	0.3241932753007859	0.9000000000000002	0.838011221960187	0.6925	
iter	9040	0.3601099231746048	0.8575	0.9589003520086408	0.6587500000000001	
iter	9050	0.4185256655327976	0.8537500000000003	0.9985322640277445	0.6637500000000003	
iter	9060	0.38628391991369426	0.8462500000000004	0.9766372423619032	0.6400000000000002	
iter	9070	0.349133076146245	0.8675000000000002	0.955766343511641	0.6462500000000003	
iter	9080	0.39356080745346844	0.8462500000000002	0.9233597479760647	0.6687500000000001	
iter	9090	0.49067770689725876	0.8212500000000003	1.0090464996173978	0.6387499999999999	
iter	9100	0.4694958948530257	0.8400000000000002	0.8915447723120451	0.6712500000000001	
iter	9110	0.43670513574033976	0.8325000000000004	0.914228449575603	0.6475000000000002	
iter	9120	0.3854476041160524	0.84875	0.9522156678140163	0.6575000000000001	
iter	9130	0.3564991056919098	0.8612500000000004	0.7516621404793113	0.7187500000000001	
iter	9140	0.4279937131796032	0.8425000000000002	0.9631549110636115	0.6599999999999999	
iter	9150	0.3290756100323051	0.8675000000000005	0.9357778700068593	0.6625000000000002	
iter	9160	0.47495571128092706	0.8350000000000002	0.9255066504701972	0.6875000000000001	
iter	9170	0.3420113162137568	0.8762500000000002	0.8659471217542887	0.68125	
iter	9180	0.425336258020252	0.8625000000000002	0.939902463927865	0.6625	
iter	9190	0.47472856286913157	0.8137500000000002	0.8629647120833397	0.6975000000000002	
iter	9200	0.38939312315778807	0.84125	0.9343590419739485	0.66125	
iter	9210	0.36354979407042265	0.8787500000000001	0.9240549565292895	0.6699999999999998	
iter	9220	0.3518316778354347	0.8875000000000002	0.8548437962308526	0.6862500000000001	
iter	9230	0.4067449315916747	0.8462500000000002	0.8299781335517764	0.7037500000000002	
iter	9240	0.3648801705567166	0.8550000000000001	1.0097773289307952	0.6387500000000002	
iter	9250	0.4202459588414058	0.8375000000000001	0.7695706952363253	0.7312500000000003	
iter	9260	0.35074165277183056	0.8637500000000004	0.8398919617757201	0.6925000000000002	
iter	9270	0.43771697767078876	0.8400000000000003	0.8776300824247301	0.6612500000000001	
iter	9280	0.4234221742954105	0.8375000000000002	0.872301566414535	0.6775000000000002	
iter	9290	0.3934312460478395	0.8437499999999999	1.0100537352263927	0.6487499999999999	
iter	9300	0.31106750399339944	0.8837500000000001	0.9002126259729266	0.68	
iter	9310	0.4172831797040999	0.8350000000000001	0.8771821013651788	0.6699999999999999	
iter	9320	0.3401576636824757	0.8812500000000002	0.9220332391560078	0.6925000000000001	
iter	9330	0.43733226106269285	0.8450000000000002	0.8595308382064104	0.6825000000000001	
iter	9340	0.4217145014554262	0.8412500000000004	0.9249352333135903	0.65875	
iter	9350	0.3705151224276051	0.8587500000000003	0.8390044290572405	0.7025000000000002	
iter	9360	0.3498409162275493	0.8787500000000005	0.9367822986096144	0.675	
iter	9370	0.3522152225486934	0.8737500000000002	0.9171117339283228	0.6624999999999999	
iter	9380	0.4255254513118416	0.84	0.8350740158930421	0.6937500000000001	
iter	9390	0.385204415069893	0.8500000000000001	0.9098261641338468	0.655	
iter	9400	0.3134830021299422	0.8925000000000004	0.7969472585245967	0.6987500000000001	
iter	9410	0.43118366645649076	0.8362500000000003	0.7935377666726708	0.7000000000000001	
iter	9420	0.4106914218282327	0.8437500000000003	0.8262041052803397	0.7062500000000002	
iter	9430	0.4111060635186732	0.8725	0.8922224016860127	0.6750000000000002	
iter	9440	0.4258419657126069	0.83125	0.9259017007425427	0.6550000000000001	
iter	9450	0.36840570269851014	0.8612500000000001	0.8981007523834705	0.6637500000000001	
iter	9460	0.3322514779865742	0.8787500000000001	0.8444100460037589	0.7087500000000002	
iter	9470	0.41914178733713925	0.8500000000000001	0.837539826054126	0.6912500000000001	
iter	9480	0.4384033516398631	0.8400000000000002	0.9243483189493418	0.6837500000000002	
iter	9490	0.48500169767066836	0.8200000000000002	0.7461645416915417	0.7325000000000004	
iter	9500	0.41219193395227194	0.8450000000000002	0.7938278280198574	0.70875	
iter	9510	0.35023087449371815	0.8700000000000003	0.9774706345051527	0.6337499999999999	
iter	9520	0.3744648096617311	0.8600000000000003	0.8360394658520818	0.6937500000000002	
iter	9530	0.4432538873516023	0.8562500000000003	0.9043998001143336	0.67375	
iter	9540	0.4079558930825442	0.8462500000000002	0.9980604248121381	0.6475000000000002	
iter	9550	0.2963527534157038	0.89875	1.0226086173206568	0.635	
iter	9560	0.374259787844494	0.8562500000000002	0.7782821841537952	0.7075000000000001	
iter	9570	0.3598647320177406	0.8600000000000003	0.8660731837153435	0.68	
iter	9580	0.34283239929936826	0.8675000000000003	0.8897199993953109	0.6875000000000001	
iter	9590	0.4209856647066772	0.8300000000000002	0.9185797441750765	0.6575000000000001	
iter	9600	0.34886534279212356	0.8687500000000001	0.9371458170935512	0.68	
iter	9610	0.4056152142584324	0.85	1.0091433469206095	0.6512500000000001	
iter	9620	0.46918814559467137	0.8375000000000002	0.8866224829107523	0.6775	
iter	9630	0.41909832251258194	0.8600000000000002	0.9331506905145943	0.6550000000000001	
iter	9640	0.36906172160524875	0.8712500000000001	0.9670674139633775	0.6575000000000001	
iter	9650	0.3750866054324433	0.8737500000000002	0.8833585493266582	0.6800000000000003	
iter	9660	0.3821217003278434	0.8775000000000003	0.934963277541101	0.6675000000000001	
iter	9670	0.4888932821340859	0.8375000000000004	0.8557436531409621	0.7062499999999999	
iter	9680	0.5003687310963869	0.8112500000000001	0.9796911980956793	0.6525000000000001	
iter	9690	0.43383240327239037	0.8625000000000004	0.8875692281872034	0.6987499999999998	
iter	9700	0.44874398806132376	0.8437500000000002	0.9677242897450924	0.6675	
iter	9710	0.33947908063419163	0.875	0.9896160773932934	0.6475000000000002	
iter	9720	0.3938922183588147	0.8725	0.9461356624960899	0.6762500000000002	
iter	9730	0.4645920437760651	0.8175000000000002	0.9432686045765877	0.67875	
iter	9740	0.4223070665029809	0.8337500000000002	0.8020823141559958	0.6937500000000002	
iter	9750	0.3382250953000039	0.8562500000000004	0.9279733384028077	0.6662500000000002	
iter	9760	0.3198939261492342	0.8825000000000004	0.8459090851247311	0.6912499999999999	
iter	9770	0.33857608516700566	0.8750000000000001	0.9490895261988044	0.6787500000000001	
iter	9780	0.3313763856422156	0.8787499999999999	0.8636958906427026	0.6837500000000002	
iter	9790	0.43169211503118277	0.8512500000000003	0.8633551490493119	0.6950000000000001	
iter	9800	0.37860520416870713	0.8762500000000001	0.8461979292333126	0.6975	
iter	9810	0.38851567823439837	0.8575000000000003	0.9797704182565212	0.6575000000000002	
iter	9820	0.42018082784488797	0.8575000000000002	1.0142017360776663	0.6525000000000002	
iter	9830	0.3686445646453649	0.8662500000000003	0.9206082061864436	0.6675000000000001	
iter	9840	0.49706160090863705	0.8212500000000001	0.8352067926898599	0.6862499999999999	
iter	9850	0.3218200979754329	0.8787500000000003	0.9997646734118462	0.645	
iter	9860	0.3940444125328213	0.8537500000000002	0.9376650936901569	0.6625000000000001	
iter	9870	0.35151373455300927	0.8712500000000001	0.8549959547817707	0.69625	
iter	9880	0.4243760904937517	0.8475000000000001	1.0362243801355362	0.63875	
iter	9890	0.38046393677359447	0.8437500000000002	0.9256495060399175	0.65875	
iter	9900	0.39251631521619856	0.8675000000000004	0.8430595770478249	0.6812500000000002	
iter	9910	0.39244532998418435	0.8474999999999999	0.8730695461854339	0.7037500000000003	
iter	9920	0.32562775563565083	0.8750000000000002	0.789172949269414	0.7100000000000001	
iter	9930	0.3744252296164632	0.8512500000000003	0.9842596431262791	0.64875	
iter	9940	0.3793247870635241	0.8500000000000003	0.890418709255755	0.69125	
iter	9950	0.34666874539107084	0.8837500000000003	0.9334185915067792	0.6800000000000002	
iter	9960	0.4634306808002293	0.8150000000000002	1.0061492417007685	0.6500000000000002	
iter	9970	0.3448630786733702	0.8712500000000002	0.9223808636888862	0.6662500000000001	
iter	9980	0.3943766178563237	0.8562500000000001	0.9052910339087248	0.6737500000000001	
iter	9990	0.39467391022481024	0.8625000000000002	0.9204782247543335	0.6737500000000001	
iter	10000	0.34218950237846	0.8712500000000003	0.9785451181232929	0.6325000000000001	
iter	10010	0.3985667363740504	0.8537500000000003	0.952640313655138	0.6762500000000002	
iter	10020	0.4441701557370834	0.8525	0.9518438279628754	0.6712500000000002	
iter	10030	0.4876295898575336	0.8275000000000003	0.8207626957446337	0.7175000000000001	
iter	10040	0.4552061753347516	0.8575000000000004	0.7972687152214348	0.7187500000000001	
