iter	10	1.4045258220285177	0.42500000000000004	1.721662499010563	0.2750000000000001	
iter	20	1.4419746324419975	0.35625	1.6746117882430553	0.25625000000000003	
iter	30	1.3639179021120071	0.39999999999999997	1.6407868042588234	0.29375000000000007	
iter	40	1.4061894863843918	0.425	1.6307710707187653	0.2750000000000001	
iter	50	1.3284307029098272	0.42499999999999993	1.7083937264978886	0.28750000000000014	
iter	60	1.4960245676338673	0.3125	1.675468772649765	0.2750000000000001	
iter	70	1.4395502172410488	0.4625	1.6827844977378845	0.2625000000000001	
iter	80	1.3404128197580576	0.45	1.6452239528298378	0.29375	
iter	90	1.3815581873059273	0.4062499999999999	1.6748775746673346	0.3187500000000001	
iter	100	1.4862634278833866	0.38124999999999987	1.671929657459259	0.2250000000000001	
iter	110	1.4209871795028448	0.43124999999999997	1.6539157312363386	0.25000000000000006	
iter	120	1.3478591721504927	0.43125000000000013	1.7618943396955729	0.21250000000000005	
iter	130	1.3729301430284977	0.41250000000000003	1.640990287065506	0.2500000000000001	
iter	140	1.4389588199555874	0.4437499999999999	1.8682271912693977	0.16250000000000006	
iter	150	1.405955335125327	0.3875	1.6901727877557278	0.23750000000000007	
iter	160	1.330496158450842	0.475	1.6327325478196144	0.24375000000000005	
iter	170	1.3823725283145905	0.4125	1.664235021919012	0.2750000000000001	
iter	180	1.379813026636839	0.425	1.642388466745615	0.3062500000000001	
iter	190	1.399419041350484	0.4125000000000001	1.6822078004479408	0.25000000000000006	
iter	200	1.3243141304701567	0.45625000000000004	1.684529636055231	0.25000000000000006	
iter	210	1.3606337141245604	0.4437499999999999	1.6927553489804268	0.2937500000000001	
iter	220	1.3796884752810001	0.4687500000000001	1.7583672367036343	0.2437500000000001	
iter	230	1.3625637870281935	0.42499999999999993	1.6849424615502357	0.31875	
iter	240	1.3889453671872616	0.4249999999999999	1.729384133592248	0.25	
iter	250	1.369807766750455	0.40625	1.686503803357482	0.24375000000000002	
iter	260	1.395471841096878	0.425	1.750542426481843	0.29375000000000007	
iter	270	1.4646874852478504	0.33124999999999993	1.6116674654185772	0.29375	
iter	280	1.3954414837062359	0.42500000000000004	1.676031719893217	0.28125	
iter	290	1.3973568622022867	0.38125	1.8128347992897034	0.275	
iter	300	1.3071406688541174	0.45000000000000007	1.6404654271900654	0.25625000000000003	
iter	310	1.2586703784763813	0.47500000000000003	1.656082646921277	0.3	
iter	320	1.3642771430313587	0.46249999999999997	1.7927263993769884	0.23125000000000004	
iter	330	1.3457415606826544	0.46874999999999994	1.7718615848571062	0.25	
iter	340	1.322984017431736	0.44999999999999996	1.686681553721428	0.2875000000000001	
iter	350	1.2844556421041489	0.46875000000000006	1.8796671070158482	0.22500000000000003	
iter	360	1.2296584248542786	0.5187499999999998	1.799513541162014	0.2312500000000001	
iter	370	1.3175162188708782	0.44999999999999996	1.7535753957927227	0.28750000000000003	
iter	380	1.3029898405075073	0.43125	1.6821601055562496	0.23750000000000007	
iter	390	1.285003025084734	0.43750000000000006	1.6878013890236616	0.275	
iter	400	1.3663180712610483	0.44375	1.68212054297328	0.29374999999999996	
iter	410	1.2765337619930506	0.48125	1.6454247664660215	0.30625	
iter	420	1.277253407984972	0.46875	1.7340152226388454	0.28125000000000006	
iter	430	1.1649148557335138	0.5187499999999999	1.7968004867434502	0.2375000000000001	
iter	440	1.2213088609278202	0.4749999999999999	1.7661848813295364	0.25625000000000003	
iter	450	1.274406248703599	0.4812499999999999	1.8103733323514462	0.22500000000000003	
iter	460	1.276767821982503	0.4125000000000001	1.8227803446352482	0.25625000000000003	
iter	470	1.207139978185296	0.53125	1.807677537202835	0.2625	
iter	480	1.25931790843606	0.43750000000000006	1.8539302572607994	0.23125000000000007	
iter	490	1.2895682901144028	0.5187499999999999	1.717061908915639	0.29375000000000007	
iter	500	1.2311667334288359	0.4937500000000001	1.7688953317701817	0.2875	
iter	510	1.200846066698432	0.5249999999999999	1.8475389126688242	0.23125000000000004	
iter	520	1.4049454014748335	0.41875	1.7391160875558853	0.31875000000000003	
iter	530	1.2561025153845549	0.42499999999999993	1.753543859347701	0.275	
iter	540	1.2116184439510107	0.5	1.7621326185762882	0.2437500000000001	
iter	550	1.2500527203083038	0.46875000000000006	1.8117660637944937	0.28125000000000006	
iter	560	1.3253572657704353	0.4249999999999999	1.868299564346671	0.2312500000000001	
iter	570	1.2902884259819984	0.46249999999999997	1.8266558907926083	0.20000000000000007	
iter	580	1.3112627658993006	0.45000000000000007	1.8923188224434853	0.26875	
iter	590	1.2196473237127066	0.4999999999999999	1.8065775763243437	0.2437500000000001	
iter	600	1.2795712370425463	0.45624999999999993	1.7613739669322968	0.2875	
iter	610	1.364737255498767	0.41874999999999996	1.7619291916489601	0.2750000000000001	
iter	620	1.2515117824077606	0.4999999999999999	1.8015121072530746	0.27500000000000013	
iter	630	1.3239452131092548	0.48124999999999996	1.7581019550561905	0.25625000000000003	
iter	640	1.2664836719632149	0.4625	1.585019564256072	0.31875000000000003	
iter	650	1.336260573938489	0.43125	1.8792536463588476	0.25000000000000006	
iter	660	1.1869091391563416	0.56875	1.8231338486075401	0.28750000000000003	
iter	670	1.172091318294406	0.47500000000000014	1.7697553895413876	0.33125	
iter	680	1.3090853411704302	0.45000000000000007	1.7747350875288248	0.275	
iter	690	1.3191480487585068	0.44375000000000003	1.744022972881794	0.31875000000000003	
iter	700	1.2626975141465664	0.45625000000000004	1.8140898011624813	0.25000000000000006	
iter	710	1.149739233776927	0.5	1.7774632684886456	0.26250000000000007	
iter	720	1.2706511486321688	0.44375	1.5454171914607286	0.2875000000000001	
iter	730	1.2545089665800333	0.45624999999999993	1.8101734481751919	0.28125000000000006	
iter	740	1.1174966488033533	0.5375	1.9056777507066727	0.23125000000000007	
iter	750	1.2597302254289389	0.4249999999999999	1.9247858859598637	0.26875000000000004	
iter	760	1.0914346110075712	0.5312500000000001	1.8732248786836863	0.23125	
iter	770	1.293104376643896	0.4375	1.90927704423666	0.22500000000000003	
iter	780	1.1898215394467115	0.50625	1.9069374557584524	0.25625	
iter	790	1.2577792778611183	0.4375	1.8953358344733715	0.23125000000000004	
iter	800	1.2177946101874113	0.525	1.8412772119045258	0.21875000000000006	
iter	810	1.2631245367228985	0.4875000000000001	1.76257711276412	0.275	
iter	820	1.2368514966219664	0.46874999999999994	1.850248795002699	0.26875000000000004	
iter	830	1.2497552651911974	0.50625	1.760931745171547	0.30625	
iter	840	1.1617135517299175	0.56875	1.8288937713950872	0.3062499999999999	
iter	850	1.1576940137892962	0.50625	1.8475190717726946	0.26875	
iter	860	1.2443226296454668	0.5312500000000002	1.8588262274861336	0.23750000000000007	
iter	870	1.1042391806840897	0.5625	1.7797909043729305	0.2562500000000001	
iter	880	1.1996517181396484	0.5249999999999999	1.742764851078391	0.31875	
iter	890	1.2179515268653631	0.4625	1.8044327683746815	0.2625000000000001	
iter	900	1.2044489309191704	0.47500000000000003	1.712553208693862	0.2687500000000001	
iter	910	1.2506340499967337	0.48125000000000007	1.9240813739597797	0.26875	
iter	920	1.231203186325729	0.46249999999999997	1.7663869466632605	0.25625	
iter	930	1.1589535623788834	0.5125000000000001	1.8466331660747528	0.25000000000000006	
iter	940	1.0747407898306847	0.6437500000000003	1.9023074433207512	0.25000000000000006	
iter	950	1.1358510609716177	0.5562500000000001	1.7930518761277199	0.30625	
iter	960	1.2922090515494347	0.44999999999999996	1.757401891052723	0.28125	
iter	970	1.0919835232198238	0.55	1.7996760495007038	0.20000000000000007	
iter	980	1.100255349650979	0.59375	1.6790175270289183	0.3187499999999999	
iter	990	1.276171714067459	0.50625	1.7585464231669903	0.25000000000000006	
iter	1000	1.1371955564245582	0.53125	1.821748360991478	0.2625	
iter	1010	1.2415747698396444	0.50625	1.6878396198153496	0.2875	
iter	1020	1.1558224000036716	0.5187500000000002	1.855081133544445	0.25625000000000003	
iter	1030	1.0826487746089697	0.5375000000000001	1.8351725786924362	0.2875000000000001	
iter	1040	1.1145505793392658	0.5625000000000001	1.595494855195284	0.35	
iter	1050	1.2150908801704645	0.49375	1.8361512776464224	0.29999999999999993	
iter	1060	1.1556458696722984	0.5437500000000001	1.7689064741134644	0.25000000000000006	
iter	1070	1.2112598698586226	0.5312499999999999	1.7128767035901546	0.33124999999999993	
iter	1080	1.0793407056480646	0.625	1.936295460909605	0.24375000000000002	
iter	1090	1.0970682399347425	0.55	1.8795269764959812	0.25625	
iter	1100	1.1825633635744452	0.51875	1.66243701800704	0.3	
iter	1110	1.2875954248011112	0.44375	1.8643737640231848	0.28124999999999994	
iter	1120	1.1451683109626174	0.5375	1.824696535244584	0.2687500000000001	
iter	1130	1.0754549717530608	0.54375	1.7313836198300123	0.32499999999999996	
iter	1140	1.1749161407351494	0.5125000000000001	1.9067025035619736	0.24375000000000005	
iter	1150	1.2652017697691917	0.49374999999999997	1.844849605113268	0.2375000000000001	
iter	1160	1.141433460637927	0.5687500000000001	1.7932830788195133	0.28125	
iter	1170	1.108641766011715	0.55	1.9928970113396645	0.23125000000000012	
iter	1180	1.0674893241375685	0.6000000000000001	1.8964825347065926	0.2750000000000001	
iter	1190	1.0936650400981307	0.54375	1.955680975690484	0.26250000000000007	
iter	1200	1.2740061022341251	0.49374999999999997	1.76200170814991	0.27499999999999997	
iter	1210	1.165403127670288	0.5125	1.8142598792910576	0.28125000000000006	
iter	1220	1.1333668883889914	0.5437500000000001	1.8624158576130867	0.23125000000000007	
iter	1230	1.0757356155663729	0.575	1.8592761680483818	0.3124999999999999	
iter	1240	1.2461637910455465	0.5062500000000001	1.6719162557274103	0.34375000000000006	
iter	1250	1.1163372080773115	0.5250000000000001	1.871309857815504	0.28125	
iter	1260	1.1291554905474186	0.5624999999999999	1.743820695206523	0.28125000000000006	
iter	1270	1.1069271471351385	0.5375000000000001	1.7686974573880434	0.2875000000000001	
iter	1280	1.0758930137380958	0.54375	1.838344695046544	0.275	
iter	1290	1.1932616140693426	0.5500000000000002	1.776696428656578	0.2562500000000001	
iter	1300	1.0485389390960336	0.6000000000000002	1.6799002848565578	0.28750000000000003	
iter	1310	1.0930343214422464	0.4937500000000001	1.6806528642773628	0.34375	
iter	1320	1.1186999063938856	0.5437500000000001	1.6788639463484287	0.32499999999999996	
iter	1330	1.1890014503151178	0.4750000000000001	1.9270060509443283	0.28125000000000006	
iter	1340	1.1664520120248199	0.5249999999999999	1.8993811644613743	0.23750000000000004	
iter	1350	1.2510122982785106	0.4875	1.802250551059842	0.26249999999999996	
iter	1360	1.0727818310260773	0.5750000000000001	1.8850965313613415	0.23750000000000007	
iter	1370	1.0271880272775888	0.5812500000000003	1.8337734546512365	0.25	
iter	1380	1.0300757782533765	0.5875000000000001	1.8913993164896965	0.27499999999999997	
iter	1390	1.0400239396840334	0.5687500000000001	1.6532431095838547	0.325	
iter	1400	1.1037300219759345	0.6125000000000002	1.642570000141859	0.33749999999999997	
iter	1410	1.0107997609302402	0.6000000000000001	1.6796600688248873	0.33125	
iter	1420	1.0945754628628492	0.56875	1.8598773963749409	0.24375000000000005	
iter	1430	1.1683940924704075	0.525	1.8383435793220997	0.26875000000000004	
iter	1440	1.0712099969387054	0.58125	1.9440603628754616	0.20000000000000004	
iter	1450	1.1387199582532048	0.54375	1.6787671390920877	0.28125000000000006	
iter	1460	1.114302022382617	0.55625	1.9284885562956333	0.25625000000000003	
iter	1470	1.1277514761313796	0.5375	1.6469049472361803	0.3625	
iter	1480	0.9763583736494184	0.6000000000000001	1.9142158180475235	0.25000000000000006	
iter	1490	1.0055212583392859	0.6000000000000001	1.7798042856156826	0.2937500000000001	
iter	1500	1.0251593943685293	0.6312500000000001	1.7534771673381329	0.31875000000000003	
iter	1510	1.0819577481597662	0.5312500000000001	2.0291246995329857	0.24375000000000005	
iter	1520	1.1249022306874394	0.48125000000000007	1.7108620759099722	0.32500000000000007	
iter	1530	1.027817402034998	0.6000000000000001	1.9137208685278893	0.26875000000000004	
iter	1540	1.0135035095736384	0.6062500000000001	1.775131244212389	0.33125	
iter	1550	1.2065681107342243	0.5187499999999999	1.859533865004778	0.24375000000000008	
iter	1560	1.146716452203691	0.5062500000000001	1.8799193045124412	0.2750000000000001	
iter	1570	1.0306409681215882	0.6062500000000002	1.8679183050990105	0.2875000000000001	
iter	1580	1.0188836622983217	0.6125	1.8092793822288513	0.26875000000000004	
iter	1590	1.089859294705093	0.6000000000000002	1.8529212772846222	0.25625000000000003	
iter	1600	1.0507442597299814	0.54375	1.8400412425398827	0.24375000000000008	
iter	1610	0.9957843944430351	0.63125	1.7545185592025518	0.3125	
iter	1620	1.1153839128091931	0.51875	1.7844088971614838	0.2875	
iter	1630	1.271834542043507	0.48124999999999996	1.8236417341977358	0.30625	
iter	1640	1.069230355322361	0.58125	1.6333233639597893	0.35000000000000003	
iter	1650	1.0437193010002375	0.5625	1.85887486115098	0.29374999999999996	
iter	1660	1.0984062906354666	0.48125	1.7837367467582226	0.2750000000000001	
iter	1670	0.9791012015193701	0.61875	1.7082961462438107	0.275	
iter	1680	1.2132068118080497	0.5312499999999998	1.8893720507621765	0.2750000000000001	
iter	1690	0.9479381078854203	0.61875	1.9259074814617634	0.21875000000000008	
iter	1700	1.1124609662219882	0.5625	1.9198253452777863	0.28750000000000003	
iter	1710	1.1652173977345228	0.4999999999999999	1.87342294678092	0.21875000000000008	
iter	1720	1.134561044164002	0.5750000000000001	1.7336633652448654	0.28750000000000003	
iter	1730	1.047500405460596	0.5937500000000002	1.7659599594771862	0.31875	
iter	1740	1.0071999225765467	0.6437500000000003	1.880546547472477	0.26875000000000004	
iter	1750	0.9868840090930462	0.575	2.0091706551611423	0.2375000000000001	
iter	1760	1.1304745497182012	0.58125	1.7948928028345108	0.2562500000000001	
iter	1770	1.0333758806809783	0.5499999999999999	1.9418280385434628	0.23750000000000007	
iter	1780	1.0500650396570563	0.5624999999999999	1.6668723952025175	0.33125	
iter	1790	1.0437488975003362	0.5750000000000002	1.8239432414993644	0.2312500000000001	
iter	1800	0.9563265852630138	0.6187500000000001	1.955632597208023	0.26875000000000004	
iter	1810	0.9874912966042757	0.6312500000000001	1.7737640105187893	0.3	
iter	1820	0.9806226808577776	0.5687500000000001	1.9179255310446024	0.29999999999999993	
iter	1830	1.0271457959897816	0.5999999999999999	1.6640374511480331	0.33124999999999993	
iter	1840	1.0861840872094035	0.5375000000000001	1.9182044826447964	0.23750000000000007	
iter	1850	1.0092495447024703	0.59375	1.8610828071832657	0.2375000000000001	
iter	1860	0.9486320754513144	0.6375000000000001	1.7018911000341177	0.3	
iter	1870	1.0638808580115438	0.6000000000000001	1.8007609006017447	0.2875000000000001	
iter	1880	1.1537952274084091	0.5187500000000002	1.8214086033403873	0.32500000000000007	
iter	1890	1.1072090724483132	0.5562499999999999	1.8818676564842463	0.3125	
iter	1900	1.0669457372277975	0.5562499999999999	1.7773494441062212	0.275	
iter	1910	1.0519930450245738	0.5875000000000002	1.6786430310457945	0.3249999999999999	
iter	1920	0.9544543381780386	0.5999999999999999	1.7880154494196177	0.27499999999999997	
iter	1930	0.9804689381271601	0.6562500000000001	1.987241767346859	0.22500000000000006	
iter	1940	0.9501812560483813	0.61875	1.7258059699088335	0.31875	
iter	1950	1.0259239943698049	0.6062500000000001	1.778866933658719	0.22500000000000012	
iter	1960	1.034681840799749	0.5625000000000001	1.84141056984663	0.25625000000000003	
iter	1970	1.166906824335456	0.5624999999999999	1.674513092264533	0.36874999999999986	
iter	1980	0.8127986676990986	0.7312500000000002	1.910793974995613	0.2875000000000001	
iter	1990	1.1068784045055509	0.56875	1.8965013101696968	0.2375000000000001	
iter	2000	0.9602946080267429	0.6375	1.9028665125370026	0.21875000000000003	
iter	2010	0.9638181701302528	0.6062500000000001	1.752136930823326	0.3374999999999999	
iter	2020	1.0850729867815971	0.5750000000000001	1.8783088065683842	0.2687500000000001	
iter	2030	1.0296890018507838	0.5624999999999999	1.8727993555366993	0.31875000000000003	
iter	2040	1.02248671092093	0.6062500000000001	1.6849797070026398	0.3499999999999999	
iter	2050	1.0332271633669734	0.59375	1.8294169083237648	0.28750000000000003	
iter	2060	0.8824315490201116	0.7000000000000003	1.7461772728711367	0.3000000000000001	
iter	2070	0.9930407200008631	0.61875	1.7457255963236094	0.30625	
iter	2080	1.0681599890813231	0.58125	1.832425368949771	0.31250000000000006	
iter	2090	0.9585226755589247	0.58125	1.8914689756929874	0.25625000000000003	
iter	2100	1.0479977875947952	0.55625	1.7458546347916126	0.3187499999999999	
iter	2110	0.964182804338634	0.6187500000000002	1.7653914522379637	0.2875	
iter	2120	0.9651998430490494	0.6124999999999998	1.7186139803379774	0.2874999999999999	
iter	2130	0.9153214571997523	0.6625	1.6418217439204454	0.33749999999999997	
iter	2140	0.9761043693870306	0.6125	1.7897240109741688	0.28750000000000003	
iter	2150	0.9817234929651022	0.6312500000000002	1.875857526436448	0.31250000000000006	
iter	2160	0.9926057476550341	0.5687499999999998	2.000191606581211	0.19375000000000006	
iter	2170	0.9691664073616266	0.6375000000000002	1.8972266353666782	0.26250000000000007	
iter	2180	1.0500007206574082	0.6062500000000002	1.947102526202798	0.3125	
iter	2190	1.1351245008409023	0.5937500000000002	2.1129468884319067	0.27500000000000013	
iter	2200	0.9648591321893036	0.6312500000000001	1.911578131839633	0.2562500000000001	
iter	2210	1.0379434395581484	0.55625	1.904433898627758	0.28125000000000006	
iter	2220	1.0632989695295691	0.6125000000000002	1.966927170753479	0.21875000000000006	
iter	2230	0.9998406069353223	0.60625	1.8164865169674158	0.28125000000000006	
iter	2240	0.902926872484386	0.6312500000000001	1.7401992678642273	0.30000000000000004	
iter	2250	1.1143432315438986	0.54375	1.8303278610110283	0.26875000000000004	
iter	2260	0.9162689754739404	0.6625000000000003	1.7699842602014542	0.3187499999999999	
iter	2270	0.908867291174829	0.6625	1.7936635091900826	0.2749999999999999	
iter	2280	1.1282484466210008	0.5937500000000001	1.8253754321485758	0.31250000000000006	
iter	2290	0.922665698453784	0.6687500000000002	1.874359481036663	0.28125000000000006	
iter	2300	0.8383804559707642	0.6875000000000002	1.698393814265728	0.35624999999999996	
iter	2310	0.9155919556505978	0.6875000000000001	1.6694695875048637	0.33749999999999997	
iter	2320	0.9783516936004162	0.6625000000000002	1.837742742151022	0.2999999999999999	
iter	2330	0.9130702028051019	0.6687500000000002	1.7932627741247416	0.30624999999999997	
iter	2340	0.9932410260662436	0.5875	1.7549587208777666	0.2750000000000001	
iter	2350	0.9067764384672046	0.6625000000000001	1.9662141371518373	0.2250000000000001	
iter	2360	0.8315205443650484	0.7000000000000001	1.7169626243412495	0.35	
iter	2370	0.8603901439346373	0.6875000000000003	1.8236829116940498	0.3	
iter	2380	0.9269621027633548	0.6250000000000001	1.7594450861215591	0.30625	
iter	2390	0.9773008516058326	0.5937500000000002	1.7544009555131197	0.30000000000000004	
iter	2400	0.8325433731079102	0.69375	1.8683285098522902	0.32500000000000007	
iter	2410	0.9213714329525828	0.6562500000000002	1.7912155352532864	0.25625000000000003	
iter	2420	0.9258148390799761	0.6375000000000001	1.80485288053751	0.33125000000000004	
iter	2430	0.9130274774506688	0.6625000000000002	1.84318832680583	0.3062499999999999	
iter	2440	0.9700858183205128	0.6312500000000001	1.9915823191404343	0.29375	
iter	2450	0.9225312387570739	0.6562500000000001	1.8702295310795307	0.2687500000000001	
iter	2460	0.9260290637612343	0.6250000000000002	1.8380687981843948	0.3000000000000001	
iter	2470	0.8424929603934288	0.7187500000000003	1.7432453073561192	0.28750000000000003	
iter	2480	0.9423619192093611	0.6750000000000002	1.7195063009858131	0.29375000000000007	
iter	2490	0.9578014714643359	0.61875	1.790050907060504	0.3374999999999999	
iter	2500	0.90681835077703	0.6125000000000003	1.765625363215804	0.31875000000000003	
iter	2510	0.9107259223237634	0.6562500000000002	1.78397511318326	0.35000000000000003	
iter	2520	1.019864859059453	0.5937500000000003	2.165037117898464	0.23125	
iter	2530	0.9816372059285641	0.6187500000000001	1.9331957958638668	0.3500000000000001	
iter	2540	0.9258968960493803	0.65	1.7465091198682785	0.3375	
iter	2550	0.853294680826366	0.7125000000000005	1.7936352081596851	0.3375	
iter	2560	0.9336158894002438	0.65	1.8235434591770172	0.2687500000000001	
iter	2570	1.1385443359613419	0.53125	1.7721752859652042	0.26875000000000004	
iter	2580	0.9957787948660553	0.6	1.8499124087393284	0.33125	
iter	2590	1.0366842998191714	0.5937500000000001	1.8859705179929733	0.2875000000000001	
iter	2600	0.9249095809645951	0.59375	1.8172298297286034	0.28125000000000006	
iter	2610	0.9825742971152067	0.6062500000000001	1.8055575340986252	0.31875000000000003	
iter	2620	1.0256051141768694	0.6000000000000002	1.8675701506435871	0.28125000000000006	
iter	2630	0.8974032597616315	0.6437500000000002	1.722153626382351	0.375	
iter	2640	0.7697191117331386	0.7187500000000001	1.9817162603139877	0.25	
iter	2650	0.9973558429628611	0.6375000000000001	1.802782884798944	0.29375	
iter	2660	1.0933729857206345	0.5625000000000001	1.793096488341689	0.28750000000000003	
iter	2670	0.9101575324311852	0.6250000000000001	1.8414940498769283	0.3000000000000001	
iter	2680	1.0362098151817918	0.6062500000000002	1.7612372897565365	0.31249999999999994	
iter	2690	0.8192132879048586	0.7187500000000001	1.898795435205102	0.3	
iter	2700	0.9405805093701929	0.6500000000000001	2.085203129798174	0.21250000000000002	
iter	2710	0.8815631587058306	0.6750000000000003	1.8591337744146585	0.30625	
iter	2720	0.8219348511192948	0.6500000000000001	1.9531650356948376	0.29375000000000007	
iter	2730	1.0205823462456465	0.60625	1.8122133314609528	0.2812500000000001	
iter	2740	0.9128069877624512	0.6812500000000002	2.2475323043763638	0.25	
iter	2750	1.0685131615027785	0.59375	1.8454639744013548	0.3062500000000001	
iter	2760	1.1014239052310586	0.5125	1.9368583858013153	0.31250000000000006	
iter	2770	0.947051489725709	0.6562500000000003	1.8630462102591991	0.2500000000000001	
iter	2780	1.0573418494313955	0.5750000000000002	1.9638478085398674	0.31875	
iter	2790	0.8261464340612292	0.6750000000000002	1.8259345460683107	0.2875000000000001	
iter	2800	0.8774580000899732	0.65625	1.9570381827652454	0.25000000000000006	
iter	2810	0.8632958116941154	0.6875000000000002	1.7370677459985018	0.3000000000000001	
iter	2820	0.9001227146945894	0.6687500000000001	1.9053020663559437	0.23750000000000007	
iter	2830	0.9055993659421802	0.6375000000000003	1.699898635968566	0.34375	
iter	2840	0.9456489947624505	0.6375000000000002	1.6992266466841102	0.33749999999999997	
iter	2850	0.9665108220651746	0.5937500000000001	1.9143108259886503	0.3062500000000001	
iter	2860	1.0887865852564573	0.55625	1.7584647368639708	0.33125000000000004	
iter	2870	0.8952067522332072	0.6812500000000001	1.8484345190227032	0.3	
iter	2880	0.8746866695582867	0.6937500000000003	1.8831358179450035	0.2687500000000001	
iter	2890	0.935958075337112	0.6375000000000001	1.9230962507426739	0.25625000000000003	
iter	2900	0.9724940354935825	0.5875	1.8002526611089706	0.28125	
iter	2910	0.9985264306887984	0.63125	1.8295337203890085	0.27499999999999997	
iter	2920	1.016319276764989	0.6375000000000001	1.8931618612259626	0.3	
iter	2930	0.9743995829485357	0.625	1.7785632405430079	0.26875	
iter	2940	0.937109381891787	0.6625000000000003	1.8140556067228317	0.2875	
iter	2950	0.9424106767401099	0.6562500000000002	1.8051141947507858	0.3125	
iter	2960	0.9234978649765253	0.6312500000000002	1.8167655505239964	0.33125000000000004	
iter	2970	0.7871312778443098	0.7000000000000002	1.7673623356968164	0.3625	
iter	2980	0.7874373574741185	0.68125	1.9145491011440754	0.29375	
iter	2990	0.9891476584598422	0.6250000000000001	1.8704346250742674	0.24375000000000008	
iter	3000	0.944945402443409	0.6437500000000002	1.73051518201828	0.33125	
iter	3010	0.8853978430852294	0.6749999999999999	1.770973825827241	0.3375	
iter	3020	0.9004624858498573	0.6062500000000001	1.7243486791849136	0.34375	
iter	3030	0.8624728685244918	0.6875000000000002	2.0191834904253483	0.1937500000000001	
iter	3040	0.7416312783025205	0.7437500000000002	1.8115372974425554	0.29374999999999996	
iter	3050	0.8646135237067938	0.64375	1.6886773854494095	0.34375000000000006	
iter	3060	0.9387716697528958	0.6562500000000001	1.7710020020604134	0.29375000000000007	
iter	3070	1.0199636928737164	0.56875	1.792910123243928	0.25625000000000014	
iter	3080	1.0095023065805435	0.6187500000000001	1.622498296201229	0.37500000000000017	
iter	3090	1.0295486878603697	0.625	1.68698363378644	0.3	
iter	3100	0.7487311088480055	0.68125	1.9626013822853565	0.31249999999999994	
iter	3110	0.9168117055669427	0.6875	1.7427987828850746	0.31875000000000003	
iter	3120	0.9457664284855127	0.59375	1.7354716546833515	0.35	
iter	3130	0.9775053188204765	0.6125000000000002	1.6942966617643833	0.29374999999999996	
iter	3140	0.8229662943631411	0.7125000000000002	1.8333579674363136	0.28125	
iter	3150	0.8013784112408757	0.7125000000000002	1.9645492397248745	0.17500000000000007	
iter	3160	0.9023390370421112	0.6437500000000002	1.6468888679519296	0.3999999999999999	
iter	3170	0.8312098486348987	0.7312500000000001	2.1553636267781258	0.31250000000000006	
iter	3180	0.9309921842068434	0.6375	2.146073704585433	0.26875000000000004	
iter	3190	0.9456221899017692	0.6187500000000001	2.05255338922143	0.275	
iter	3200	0.850538813509047	0.6937500000000001	1.7733446136116982	0.26875000000000004	
iter	3210	0.9132833513431251	0.6437499999999999	2.0433903001248837	0.21250000000000005	
iter	3220	0.921017630957067	0.63125	1.9715401232242584	0.2625	
iter	3230	0.9010407133027911	0.64375	1.7314370051026344	0.3062499999999999	
iter	3240	0.9310554107651114	0.6375000000000001	1.8561449516564608	0.21875000000000006	
iter	3250	0.877393146045506	0.65625	1.8927331492304802	0.2625	
iter	3260	0.8795384587720037	0.6124999999999999	1.9614033624529839	0.26874999999999993	
iter	3270	0.9163779709488153	0.675	1.8973610512912273	0.25625000000000003	
iter	3280	0.8762622121721506	0.675	1.838520234450698	0.35624999999999996	
iter	3290	0.9194090263918042	0.625	1.8329285755753517	0.33125	
iter	3300	0.8850384377874434	0.6687500000000003	1.8160430695861578	0.3125000000000001	
iter	3310	0.9614219735376537	0.6124999999999999	1.872329456731677	0.24375000000000005	
iter	3320	0.8613331741653383	0.7187500000000002	1.9986350387334824	0.23750000000000004	
iter	3330	0.8685017442330718	0.6500000000000002	1.751687467098236	0.26250000000000007	
iter	3340	0.781672690063715	0.6875000000000002	1.7444071667268872	0.30625	
iter	3350	0.8596629211679101	0.6937500000000003	2.0008032619953156	0.23750000000000007	
iter	3360	0.7504373323172331	0.74375	1.6418314836919308	0.33749999999999997	
iter	3370	0.8331752142403275	0.65625	1.8519053999334574	0.325	
iter	3380	0.9724691845476627	0.6312499999999999	1.815845437347889	0.2687500000000001	
iter	3390	0.9621917675249279	0.6125000000000002	1.897706052288413	0.2875000000000001	
iter	3400	0.9774314151145518	0.6312500000000001	1.8266260251402855	0.26875	
iter	3410	0.6695209653116763	0.7375000000000003	1.8086709901690483	0.325	
iter	3420	0.9186767330393195	0.6250000000000001	1.8777074869722128	0.29375	
iter	3430	0.8607714679092169	0.6875	1.9062574449926615	0.28125000000000006	
iter	3440	0.9942604713141918	0.5750000000000002	1.8127647824585438	0.33749999999999997	
iter	3450	0.8362655784003437	0.6937500000000002	1.5989670976996422	0.36875	
iter	3460	0.8592059127986431	0.6875	1.9564536362886429	0.28125000000000006	
iter	3470	0.9610661752521992	0.65	1.7893845364451408	0.29375	
iter	3480	0.9174429541453719	0.6500000000000001	1.767194215208292	0.32500000000000007	
iter	3490	0.6683308496139944	0.7687500000000002	1.8942674547433853	0.25625	
iter	3500	1.0053721917793155	0.6375000000000001	1.9245221503078938	0.275	
iter	3510	0.9141970844939351	0.7000000000000002	1.9310896433889866	0.25000000000000006	
iter	3520	0.8848893400281668	0.64375	1.661967445164919	0.37500000000000006	
iter	3530	0.9360200129449368	0.6125	1.9251475371420383	0.31875000000000003	
iter	3540	1.0440782746300101	0.5375	1.8213221579790115	0.3	
iter	3550	0.7764261409174651	0.7187500000000002	1.891326755285263	0.2687500000000001	
iter	3560	0.8048194842413068	0.6687500000000003	1.92048279941082	0.31250000000000006	
iter	3570	0.7676618155092001	0.7187500000000002	1.9016177374869585	0.3	
iter	3580	0.9921455727890134	0.6437499999999999	1.817680286243558	0.31875	
iter	3590	0.8185192281380296	0.68125	1.7875691894441843	0.3249999999999999	
iter	3600	1.0120861940085888	0.6875000000000001	1.9908701423555613	0.34375	
iter	3610	1.0298434309661388	0.59375	1.9519791100174189	0.30625	
iter	3620	0.956723190844059	0.5937500000000001	1.8212295789271593	0.3374999999999999	
iter	3630	0.7014185721054673	0.7687500000000003	1.613816948607564	0.3312499999999999	
iter	3640	0.7995659853331745	0.7375000000000002	2.1390500869601965	0.275	
iter	3650	0.8930805483832955	0.6375000000000001	1.8692149743437767	0.2625	
iter	3660	0.8297220664098859	0.7312500000000003	1.9582577850669622	0.29374999999999996	
iter	3670	0.8738004961051047	0.6625000000000002	2.0049757324159145	0.3499999999999999	
iter	3680	0.8716181414201856	0.6500000000000001	1.943100718781352	0.3000000000000001	
iter	3690	0.9012974258512259	0.6500000000000002	1.9774291384965181	0.23750000000000007	
iter	3700	0.8920193379744887	0.6187500000000001	1.8210877478122711	0.30000000000000004	
iter	3710	0.8083943135570735	0.6750000000000002	1.9381053633987904	0.33125	
iter	3720	0.8014644514769316	0.7437500000000001	1.9615941364318132	0.24375000000000008	
iter	3730	0.8808971247635782	0.6687500000000003	1.8254043720662594	0.31250000000000006	
iter	3740	0.9309375891461968	0.6687500000000002	1.7271161545068026	0.33749999999999997	
iter	3750	0.7571219890378416	0.7125	1.8928421512246132	0.25625000000000003	
iter	3760	0.8011038119439036	0.6875000000000002	1.8308747671544552	0.325	
iter	3770	0.9833018742501736	0.5562500000000002	1.8117249328643084	0.28750000000000014	
iter	3780	0.895487867295742	0.6625000000000003	1.9364821445196867	0.33125000000000004	
iter	3790	0.7972675981000066	0.7062500000000003	1.8604202847927809	0.2812500000000001	
iter	3800	0.7472539418376982	0.7125000000000001	1.8545595481991768	0.33125000000000004	
iter	3810	0.9434302095323801	0.6375000000000002	1.8774940222501755	0.28125000000000006	
iter	3820	0.9676029458642006	0.6312499999999999	1.7918410245329142	0.2937500000000001	
iter	3830	0.7426379914395511	0.7437500000000002	1.8377318046987057	0.28750000000000003	
iter	3840	0.890944663900882	0.6937500000000002	1.8342864532023668	0.31875	
iter	3850	0.7102787205949426	0.7875000000000002	1.7911581918597221	0.33125000000000004	
iter	3860	0.77663699304685	0.6875	1.9343833234161139	0.25000000000000006	
iter	3870	0.9806936364620924	0.6437500000000003	1.8342181891202927	0.3000000000000001	
iter	3880	0.7954937717877328	0.7125000000000001	1.9917657040059566	0.23125000000000007	
iter	3890	0.8504310073330998	0.7312500000000002	1.8457706551998854	0.275	
iter	3900	0.8409416591748595	0.7187500000000003	1.6936542559415102	0.31875000000000003	
iter	3910	0.8248227098956704	0.6687500000000002	1.7879229206591845	0.3125	
iter	3920	0.7193219410255551	0.7750000000000004	1.880384635180235	0.25625000000000003	
iter	3930	0.7873785509727895	0.7125000000000001	1.8957882579416037	0.24375000000000008	
iter	3940	0.8116532205604017	0.6625000000000001	1.9111506678164005	0.2875000000000001	
iter	3950	0.9701409814879298	0.64375	1.9895274192094803	0.26250000000000007	
iter	3960	0.862179602496326	0.6500000000000001	1.851322390139103	0.31875	
iter	3970	0.9446420944295824	0.6625000000000002	1.8557628449052572	0.28750000000000003	
iter	3980	0.8105647643096745	0.6937500000000001	1.9104812145233154	0.28750000000000003	
iter	3990	0.8089915043674409	0.70625	1.913926238194108	0.26875000000000004	
iter	4000	0.7693472178652883	0.7437500000000002	1.7927989438176155	0.325	
iter	4010	0.9164034873247147	0.6499999999999999	1.9029884319752455	0.3125	
iter	4020	0.8994009429588914	0.6687500000000002	1.8455446474254131	0.3124999999999999	
iter	4030	0.9123708130791783	0.63125	1.786753162741661	0.33750000000000013	
iter	4040	0.8599796667695045	0.6437499999999999	1.7553174160420895	0.35000000000000003	
iter	4050	0.838818877004087	0.6625000000000001	1.8057736065238714	0.32499999999999996	
iter	4060	0.9927052340935916	0.5937500000000001	1.9684852100908756	0.2375000000000001	
iter	4070	0.8080478021875024	0.68125	1.8278698939830065	0.26250000000000007	
iter	4080	0.7261771503835917	0.6937500000000002	1.9379230253398418	0.30625	
iter	4090	0.9191331947222352	0.675	1.8801940958946943	0.31875000000000003	
iter	4100	0.8119436143897474	0.7187500000000004	2.065798183903098	0.35000000000000003	
iter	4110	0.9250583574175835	0.6250000000000001	1.9884013030678034	0.31249999999999994	
iter	4120	0.8639278560876846	0.6750000000000002	2.133848872035742	0.30000000000000016	
iter	4130	0.8864720985293388	0.65	1.8631213158369064	0.30625	
iter	4140	0.804304875433445	0.7187500000000003	1.9266317877918482	0.28124999999999994	
iter	4150	0.8450483558699489	0.6500000000000001	2.0423588417470455	0.28750000000000003	
iter	4160	0.9272373258136213	0.6562500000000003	2.1006097607314587	0.23750000000000007	
iter	4170	0.836348962970078	0.7000000000000002	2.089217882603407	0.2750000000000001	
iter	4180	0.9347120118327439	0.6500000000000001	1.9430149253457785	0.29375	
iter	4190	0.8303315285593271	0.68125	2.1731590144336224	0.28125000000000006	
iter	4200	0.6868914347141981	0.6937500000000002	2.0002978704869747	0.25000000000000006	
iter	4210	0.8615224724635482	0.6687500000000001	1.9509559608995914	0.3	
iter	4220	0.8359697298146784	0.6687500000000001	1.7452404275536537	0.31875	
iter	4230	0.7476757969707251	0.7187500000000001	1.8513624854385853	0.2750000000000001	
iter	4240	0.9471017136238515	0.6437500000000002	1.9026106875389814	0.3249999999999999	
iter	4250	0.7690038136206567	0.7375000000000003	1.8817133866250515	0.3062500000000001	
iter	4260	0.8225973607040942	0.7125000000000001	1.9051534160971642	0.2750000000000001	
iter	4270	0.7890883586369455	0.7000000000000003	1.7907787468284369	0.2562500000000001	
iter	4280	0.7140509076416492	0.7562500000000002	1.6592295039445162	0.3187499999999999	
iter	4290	0.8152873171493411	0.7000000000000001	1.8986088745296001	0.2812500000000001	
iter	4300	0.8865644061006606	0.6312500000000002	1.9787540584802628	0.3	
iter	4310	0.8937345561571419	0.6687500000000002	1.707165526226163	0.34375000000000006	
iter	4320	0.7927285307087004	0.6937500000000001	2.117963209748268	0.25625000000000003	
iter	4330	0.815370392985642	0.70625	1.696481864899397	0.31250000000000006	
iter	4340	0.7461624760180712	0.6937500000000002	1.7944210097193718	0.2687500000000001	
iter	4350	0.8105303756892681	0.71875	1.7611157223582268	0.31250000000000006	
iter	4360	0.7863927548751235	0.70625	1.882962068542838	0.29375	
iter	4370	0.7390828402712941	0.7062500000000002	1.703202472999692	0.33125	
iter	4380	0.7429868821054697	0.7000000000000002	1.8579860646277666	0.30624999999999997	
iter	4390	0.7942938162013888	0.7187500000000002	1.7091189716011286	0.34375000000000006	
iter	4400	0.6795055912807584	0.7250000000000002	1.9262309148907661	0.2625000000000001	
iter	4410	0.8557713702321053	0.675	1.8367429077625275	0.325	
iter	4420	0.7195945624262094	0.7250000000000002	1.9948187172412872	0.2750000000000001	
iter	4430	0.7578567191958427	0.7250000000000003	1.9890207704156637	0.26250000000000007	
iter	4440	0.7800460956059396	0.7000000000000002	1.9661637376993895	0.28125	
iter	4450	0.7545021525584161	0.7250000000000002	1.8181044645607471	0.3000000000000001	
iter	4460	0.8782697776332498	0.65	1.8408923782408237	0.33125000000000004	
iter	4470	0.6957985474728048	0.74375	1.9049618411809206	0.2625	
iter	4480	0.8791343010962009	0.6687500000000001	1.939471311867237	0.29375	
iter	4490	0.9281422030180693	0.675	1.9781782068312168	0.2625000000000001	
iter	4500	0.7749229017645121	0.7500000000000002	1.8717405777424574	0.30000000000000004	
iter	4510	0.8233773671090603	0.6937500000000001	2.0201909635215998	0.2875000000000001	
iter	4520	0.7906639389693737	0.7000000000000002	1.8561949729919434	0.30000000000000004	
iter	4530	0.8441341826692224	0.7187500000000003	1.8957963846623898	0.23750000000000004	
iter	4540	0.7376838121563196	0.7250000000000004	1.8856843505054712	0.2375000000000001	
iter	4550	0.9115824922919273	0.6750000000000002	1.8859542962163687	0.2750000000000001	
iter	4560	0.8370276028290391	0.7500000000000001	1.946569073945284	0.26875000000000004	
iter	4570	0.8451007092371583	0.70625	1.8236562833189964	0.30000000000000004	
iter	4580	0.827323341043666	0.66875	1.9357425794005394	0.3	
iter	4590	0.741391571238637	0.7312500000000004	1.8647110722959042	0.3062499999999999	
iter	4600	0.8340717325918376	0.6750000000000002	1.83400434628129	0.28750000000000003	
iter	4610	0.7249253764748573	0.7187500000000002	1.7304373793303967	0.35624999999999996	
iter	4620	0.7856450374238193	0.7125000000000001	1.7428403832018375	0.3312500000000001	
iter	4630	0.9339471170678735	0.6562499999999999	1.7412057220935822	0.31875000000000003	
iter	4640	0.8675603589508682	0.6937499999999999	1.9460912607610226	0.2812499999999999	
iter	4650	0.7774296477437019	0.6937500000000002	1.845857948064804	0.31250000000000006	
iter	4660	0.7017735501285642	0.7374999999999999	1.9224463123828173	0.3	
iter	4670	0.7869628765620291	0.7187499999999999	1.8861893992871046	0.3375	
iter	4680	0.8709036530926824	0.6500000000000002	1.7314015850424767	0.34375000000000006	
iter	4690	0.7390257259830832	0.7125000000000001	1.8748080767691135	0.2750000000000001	
iter	4700	0.7834604335948825	0.7062500000000002	1.8628448266535997	0.28125	
iter	4710	0.871513593941927	0.6812500000000001	1.900295140221715	0.26250000000000007	
iter	4720	0.8357310760766268	0.6812500000000002	1.8581243269145489	0.275	
iter	4730	0.9812215901911259	0.6562500000000001	1.9758645631372929	0.2187500000000001	
iter	4740	0.6659911867463961	0.7812499999999999	1.8566506635397673	0.29999999999999993	
iter	4750	0.7894065189175308	0.6875000000000001	1.8385298792272806	0.31249999999999994	
iter	4760	0.8652295391075313	0.7062500000000002	1.7632008586078882	0.31250000000000006	
iter	4770	0.8093161648139358	0.6875000000000001	1.6976040937006474	0.34375	
iter	4780	0.8583474066108465	0.65	1.6958615761250257	0.33749999999999997	
iter	4790	0.7491579819470644	0.7250000000000001	1.8690778762102127	0.31875	
iter	4800	0.7538606668822467	0.7312500000000003	1.8439838718622923	0.2812500000000001	
iter	4810	0.8071621973067522	0.68125	1.8718634899705648	0.2875000000000001	
iter	4820	0.8159307967871428	0.6874999999999999	1.8855971582233906	0.3312499999999999	
iter	4830	0.7288329121656716	0.7562500000000002	1.9471279997378588	0.30624999999999997	
iter	4840	0.711632605176419	0.7437500000000002	1.809285370633006	0.30625	
iter	4850	0.7145785968750715	0.75	1.626464605331421	0.3374999999999999	
iter	4860	0.8112300862558186	0.7062500000000002	1.9594376254826784	0.2687500000000001	
iter	4870	0.8505660020746291	0.6500000000000002	1.8117807395756245	0.33124999999999993	
iter	4880	0.9469022918492556	0.6062499999999998	2.009258057922125	0.31875000000000003	
iter	4890	0.8063595830462873	0.7250000000000002	1.9062628652900457	0.34375000000000006	
iter	4900	0.9161043772473931	0.6312500000000002	1.8695994056761265	0.36874999999999997	
iter	4910	0.7742377063259482	0.6500000000000001	1.8654674869030714	0.31875000000000003	
iter	4920	0.8823656460735947	0.6625000000000002	1.8180555868893862	0.2875000000000001	
iter	4930	0.9167260485701263	0.6375000000000001	1.7928049303591251	0.33125	
iter	4940	0.686916948761791	0.7437500000000002	2.004017883911729	0.21875000000000006	
iter	4950	0.8185110916383564	0.6562500000000001	1.8638720009475946	0.25	
iter	4960	0.6715908490587026	0.7312500000000002	1.8110645227134228	0.30000000000000004	
iter	4970	0.772810101043433	0.6937500000000003	1.8491908684372902	0.28750000000000003	
iter	4980	0.7647075292188674	0.7312500000000002	1.7124216184020042	0.35625000000000007	
iter	4990	0.7319617175962776	0.675	1.911890085786581	0.26250000000000007	
iter	5000	0.8120055780746043	0.7062500000000003	1.9269300047308207	0.29375000000000007	
iter	5010	0.8063205489888787	0.7125000000000001	1.6721911951899529	0.3437499999999999	
iter	5020	0.6910619819536805	0.7500000000000002	1.878814272582531	0.3125	
iter	5030	0.8316549952141941	0.7125000000000001	1.845020204782486	0.30625	
iter	5040	0.6077571196947247	0.7937500000000004	1.9499292559921741	0.32499999999999996	
iter	5050	0.9360675069037825	0.63125	1.9995221458375454	0.31875	
iter	5060	0.8255259119905531	0.65	1.8486094065010548	0.28125000000000006	
iter	5070	0.7502741999924183	0.6937500000000002	1.7571735214442015	0.31250000000000006	
iter	5080	0.6729197027161717	0.7125000000000001	1.9954227842390537	0.2750000000000001	
iter	5090	0.8453265302814543	0.64375	1.8216042649000883	0.3312499999999999	
iter	5100	0.7491671268362552	0.7500000000000002	1.823522660881281	0.37500000000000006	
iter	5110	0.652434391900897	0.7687500000000002	1.6656589321792126	0.35	
iter	5120	0.7769767856225371	0.7187500000000001	1.9426493719220161	0.29375	
iter	5130	0.9997710147872567	0.6125000000000002	1.85742293484509	0.30625	
iter	5140	0.8123199348337948	0.70625	1.7766302935779095	0.33749999999999997	
iter	5150	0.8061769995838404	0.6750000000000002	1.856083495542407	0.3125	
iter	5160	0.8809399316087365	0.65625	1.8177812322974205	0.24375000000000005	
iter	5170	0.8517128676176071	0.6750000000000002	1.7765781488269567	0.36250000000000004	
iter	5180	0.7670085737481713	0.70625	1.6463254820555449	0.36250000000000004	
iter	5190	0.9060215167701244	0.6875	1.79088319465518	0.29375	
iter	5200	0.7162198801524937	0.7562500000000003	1.7413179725408554	0.34374999999999994	
iter	5210	0.7282633152790368	0.7500000000000001	1.7269481979310513	0.3187500000000001	
iter	5220	0.831319082994014	0.6687500000000002	1.931486189365387	0.28124999999999994	
iter	5230	0.8848366048187017	0.6625000000000002	2.003566784784198	0.25625000000000003	
iter	5240	0.8000753638334572	0.6749999999999999	1.8171531539410353	0.30625	
iter	5250	0.7188285025767982	0.7562500000000002	1.7702910006046295	0.32499999999999996	
iter	5260	0.7785757698584348	0.6875000000000001	1.6555900014936924	0.34375	
iter	5270	0.9144900841638446	0.64375	2.1761437617242336	0.2437500000000001	
iter	5280	0.968521780334413	0.6625	1.864120366051793	0.31250000000000006	
iter	5290	0.6478380672633648	0.7500000000000002	1.8635963667184114	0.30625	
iter	5300	0.7875715582631528	0.7062500000000003	1.9967309013009071	0.27500000000000013	
iter	5310	0.7980809300206602	0.7187500000000002	1.7803954798728228	0.29375	
iter	5320	0.8401602429803461	0.7062499999999999	1.9498617090284824	0.28125000000000006	
iter	5330	0.6783480424201116	0.7312500000000001	2.030471559613943	0.37500000000000006	
iter	5340	0.8454205335583538	0.7000000000000003	2.336434204131365	0.29375000000000007	
iter	5350	1.0000133579596877	0.6250000000000001	1.9861703012138605	0.35624999999999996	
iter	5360	0.9332334627397358	0.6750000000000003	2.1974069513380527	0.27499999999999997	
iter	5370	0.7984385760501027	0.7000000000000001	1.9090722221881151	0.2750000000000001	
iter	5380	0.8398248627781868	0.7062500000000003	1.7092569712549448	0.35	
iter	5390	0.8403020021505654	0.68125	1.993463957682252	0.28125000000000006	
iter	5400	0.8672963567078114	0.6687500000000002	1.7018569745123386	0.3875	
iter	5410	0.7501437058672309	0.7437500000000002	1.9034714009612799	0.28125	
iter	5420	0.7516027404926717	0.7625000000000003	1.8461879286915064	0.31875	
iter	5430	0.9498013670090586	0.6375000000000002	1.947370070964098	0.30625	
iter	5440	0.6236933376640081	0.7625000000000002	2.3871881272643805	0.2312500000000001	
iter	5450	0.839234390296042	0.66875	1.9796000942587852	0.2562500000000001	
iter	5460	0.9677682700566947	0.6375	1.7705765143036842	0.3125	
iter	5470	0.868938063737005	0.6500000000000001	1.9041127618402243	0.29375	
iter	5480	0.806097193621099	0.7187500000000002	2.0224669463932514	0.33125000000000004	
iter	5490	0.8752662315964699	0.6812500000000002	1.9222178421914577	0.30000000000000004	
iter	5500	0.9171582842245698	0.6000000000000001	1.8421546313911676	0.2875	
iter	5510	0.8898058105260134	0.6562500000000002	1.887853367254138	0.33749999999999997	
iter	5520	0.8575423599686474	0.69375	1.9577166363596916	0.3062499999999999	
iter	5530	0.6690628100186586	0.7437500000000004	2.2467134781181812	0.22500000000000006	
iter	5540	0.7275808383710682	0.7187500000000003	1.8789330814033747	0.36250000000000004	
iter	5550	0.8204851460177451	0.6937500000000002	1.8725589215755463	0.3187500000000001	
iter	5560	0.8780798334628344	0.6500000000000004	2.102867513895035	0.28124999999999994	
iter	5570	0.7831125615630299	0.69375	2.0934142358601093	0.2250000000000001	
iter	5580	0.7984692964237183	0.7000000000000001	2.0024974048137665	0.23125000000000004	
iter	5590	0.7106573032215238	0.70625	1.7078268695622683	0.32499999999999996	
iter	5600	0.8774639547336847	0.6687499999999998	1.912280362099409	0.31250000000000006	
iter	5610	0.852309743873775	0.6937500000000002	2.1230259649455547	0.26875000000000004	
iter	5620	0.7684165018144995	0.71875	1.8449220918118954	0.29375000000000007	
iter	5630	0.8512226711027324	0.6875000000000001	1.7292607109993696	0.3249999999999999	
iter	5640	0.8038538568653166	0.7	1.8231834098696709	0.2875000000000001	
iter	5650	0.8275808217003942	0.7000000000000002	2.0084792654961348	0.24375000000000005	
iter	5660	0.7715319218114018	0.69375	2.057908844202757	0.3125	
iter	5670	0.8782573526259512	0.6687500000000002	1.9856104031205177	0.28124999999999994	
iter	5680	0.8102922732941806	0.7062499999999999	2.0344792269170284	0.2875	
iter	5690	0.782039943151176	0.7250000000000001	2.0764677934348583	0.2625000000000001	
iter	5700	0.839711397420615	0.7187500000000001	1.8588529415428638	0.28125000000000006	
iter	5710	0.833790656644851	0.68125	1.9456550851464272	0.23125000000000007	
iter	5720	0.7793306335806847	0.7500000000000003	1.8257777839899063	0.30624999999999997	
iter	5730	0.899732967838645	0.61875	1.8525389824062586	0.2875000000000001	
iter	5740	0.7152715153060853	0.7250000000000002	2.043036488816142	0.2562500000000001	
iter	5750	0.9190779230557382	0.65625	1.8384379111230373	0.3062500000000001	
iter	5760	0.7282413966022432	0.7562500000000004	1.9305364415049553	0.30625	
iter	5770	0.7886578910984099	0.6687500000000001	1.9465966299176216	0.26875000000000004	
iter	5780	0.7239092570962384	0.7375000000000002	1.9204473569989204	0.36250000000000004	
iter	5790	0.6999740414321423	0.7062500000000002	1.9636414516717196	0.29375	
iter	5800	0.7017507827840745	0.6937500000000001	1.8967459220439196	0.31875	
iter	5810	0.7187203196808696	0.7375000000000003	1.8580830469727516	0.30624999999999997	
iter	5820	0.728615827858448	0.7312500000000003	1.9800832327455282	0.26875000000000004	
iter	5830	0.6128780962899327	0.7750000000000001	1.9109865762293339	0.2312500000000001	
iter	5840	0.8033281248062849	0.70625	1.9379848577082157	0.3062500000000001	
iter	5850	0.8759873188100755	0.65	2.166800059378147	0.24375000000000008	
iter	5860	0.9893353679217398	0.6375000000000002	2.059434112161398	0.31250000000000006	
iter	5870	0.8460285677574575	0.7250000000000002	2.0633341185748577	0.275	
iter	5880	0.8273117290809751	0.6875000000000001	1.9825922325253487	0.29375	
iter	5890	0.7694265791215003	0.7125000000000001	1.9072569496929646	0.23750000000000002	
iter	5900	0.8063678171020001	0.6937500000000003	1.937817133963108	0.2750000000000001	
iter	5910	0.7889476078562438	0.7187500000000001	1.8369940500706434	0.28125	
iter	5920	0.7749899430200458	0.6875000000000001	1.874289982020855	0.275	
iter	5930	0.8445691443048418	0.675	1.9098809100687504	0.37499999999999994	
iter	5940	0.8238543379120529	0.65	2.081780944019556	0.2312500000000001	
iter	5950	0.693176485132426	0.75	1.9760283678770065	0.32500000000000007	
iter	5960	0.7883045300841331	0.6875000000000003	2.0841053407639265	0.18750000000000006	
iter	5970	0.7902936686296016	0.7062500000000002	2.0409019216895103	0.28125000000000006	
iter	5980	0.8983624149113894	0.6625000000000002	1.967932440340519	0.2625000000000001	
iter	5990	0.6812817617319524	0.73125	1.7283306643366814	0.33125000000000004	
iter	6000	0.7339805588126183	0.7374999999999999	1.6983248610049486	0.3374999999999999	
iter	6010	0.8168298648670316	0.7187500000000001	1.9405456744134426	0.26250000000000007	
iter	6020	0.7808341783238575	0.6875000000000003	1.9643005765974522	0.3375	
iter	6030	0.8021124694496393	0.7375	2.0075289756059647	0.25000000000000006	
iter	6040	0.7831758614629507	0.7437500000000004	1.8912037666887045	0.30000000000000004	
iter	6050	0.6197308599948883	0.7812500000000002	1.724279010668397	0.3625	
iter	6060	0.8633602089248598	0.69375	2.1713503412902355	0.22500000000000006	
iter	6070	0.6174663635902107	0.7500000000000001	1.7585915103554726	0.2937499999999999	
iter	6080	0.7705664761597291	0.7500000000000001	2.100161850452423	0.26875000000000004	
iter	6090	0.5793298257049173	0.80625	1.9272379390895367	0.23125	
iter	6100	0.7717988388612866	0.6937500000000001	2.021616864949465	0.275	
iter	6110	0.6028380524367094	0.8062500000000001	2.105499029159546	0.2562500000000001	
iter	6120	0.8357850012835115	0.7062500000000002	2.248351849615574	0.2125000000000001	
iter	6130	0.7874850134830922	0.7000000000000002	2.4957280848175287	0.20000000000000007	
iter	6140	0.9746039644815028	0.64375	1.933152573183179	0.36875	
iter	6150	0.7544961692765355	0.7000000000000002	1.8584360536187887	0.28750000000000003	
iter	6160	0.8440133724361658	0.6875000000000001	1.9525639954954386	0.28125	
iter	6170	0.6438017142936587	0.7750000000000001	1.6820772774517536	0.35	
iter	6180	0.903569411020726	0.675	1.9596742782741785	0.3125000000000001	
iter	6190	0.7938456357223913	0.7375	2.013760633766651	0.23125000000000004	
iter	6200	0.8201106069609523	0.6875000000000002	1.982085270807147	0.33125000000000004	
iter	6210	0.6413557608611882	0.775	1.8810224682092667	0.33125000000000004	
iter	6220	0.6732079349458218	0.7750000000000002	1.815611232072115	0.31875	
iter	6230	0.7005142313428223	0.7500000000000002	2.1414680629968643	0.22500000000000006	
iter	6240	0.8433275143615901	0.6687500000000002	2.1572326123714447	0.25625000000000003	
iter	6250	0.6952201548265293	0.7500000000000002	1.8165310733020306	0.29374999999999996	
iter	6260	0.643358979607001	0.7625000000000004	2.0429564006626606	0.2625	
iter	6270	0.762831436470151	0.7187500000000002	1.916794454678893	0.24375000000000002	
iter	6280	0.6762530142441392	0.7625000000000002	1.8692525085061789	0.3	
iter	6290	0.6831429917365313	0.7187500000000002	1.8643284030258656	0.28750000000000003	
iter	6300	0.7705002319999039	0.7187500000000001	2.0195302423089743	0.2687500000000001	
iter	6310	0.8965738057158887	0.6812500000000002	1.902547875419259	0.28750000000000003	
iter	6320	0.7468585390597582	0.7062500000000002	1.8967117555439472	0.3500000000000001	
iter	6330	0.901145982556045	0.6625000000000001	1.8785011526197195	0.3312500000000001	
iter	6340	0.8091859021224082	0.7125000000000004	1.9882381949573755	0.33124999999999993	
iter	6350	0.6734565810766071	0.7562500000000003	1.877150159329176	0.33125	
iter	6360	0.6507410553749651	0.7625000000000002	1.9302350375801325	0.30624999999999997	
iter	6370	0.7365287435241044	0.7375	1.8577119298279285	0.33749999999999997	
iter	6380	0.7040020902641118	0.74375	1.6401382815092802	0.38125	
iter	6390	0.7868731976486742	0.6750000000000002	1.8613535724580288	0.32499999999999996	
iter	6400	0.7015569633804262	0.7625000000000001	1.916028393432498	0.2875000000000001	
iter	6410	0.6258568153716624	0.7812500000000003	1.750382088124752	0.3187500000000001	
iter	6420	0.6497399667277932	0.7500000000000002	1.8579664751887321	0.2875000000000001	
iter	6430	0.7943962742574513	0.7375	1.9861779380589724	0.30625	
iter	6440	0.7462392342276871	0.7000000000000001	1.9514794535934925	0.28750000000000003	
iter	6450	0.845911227632314	0.6875000000000002	1.9882296472787857	0.29375	
iter	6460	0.6704788664355874	0.7750000000000001	1.9192122481763363	0.29375	
iter	6470	0.6139190853573382	0.8000000000000003	2.018876574933529	0.26875000000000004	
iter	6480	0.8364832131192088	0.6937500000000001	1.802028739824891	0.30625	
iter	6490	0.667664383072406	0.7937500000000002	1.8459793329238892	0.31250000000000006	
iter	6500	0.6684943477157503	0.78125	1.8576967623084784	0.2875	
iter	6510	0.7876044469885528	0.7000000000000003	1.8424247242510319	0.33125	
iter	6520	0.6646969390567392	0.7437500000000001	2.064614586532116	0.25625000000000003	
iter	6530	0.8336508995853364	0.6750000000000003	2.14046641997993	0.24375000000000002	
iter	6540	0.7197783668525517	0.7562500000000003	1.7546347696334124	0.3312500000000001	
iter	6550	0.8568452578037977	0.6937500000000001	1.9843148663640022	0.28750000000000003	
iter	6560	0.753111423458904	0.7375000000000003	1.8923711702227592	0.35	
iter	6570	0.8442873507738113	0.6625000000000002	2.125373512506485	0.26250000000000007	
iter	6580	0.7108870116062462	0.6875000000000001	2.1950016859918833	0.26250000000000007	
iter	6590	0.887834757566452	0.6312500000000002	1.9847280103713274	0.3687499999999999	
iter	6600	0.8439102285774425	0.6875000000000001	1.9978782888501883	0.33124999999999993	
iter	6610	0.7222253901418298	0.7375000000000002	1.899495117366314	0.29375	
iter	6620	0.8212857148610055	0.7000000000000001	1.919666824862361	0.2625000000000001	
iter	6630	0.7341863252222538	0.7375000000000004	1.7377813532948494	0.31875	
iter	6640	0.7195160114206374	0.7312500000000001	1.8578258138149977	0.31249999999999994	
iter	6650	0.7959120043087751	0.7125	1.9097987078130245	0.31249999999999994	
iter	6660	0.8275543451309204	0.7062500000000003	1.6638069152832031	0.4062499999999999	
iter	6670	0.7367421784438193	0.7375000000000002	1.925845928490162	0.29375000000000007	
iter	6680	0.6700530744856223	0.7875000000000001	2.1124974451959133	0.2875	
iter	6690	0.6135341683402658	0.7812500000000001	2.02918503805995	0.2625000000000001	
iter	6700	0.7594221290200949	0.7062500000000004	1.887534398585558	0.31875	
iter	6710	0.5350336581468582	0.7937500000000002	2.032831646502018	0.3125	
iter	6720	0.6987664978951216	0.7437500000000002	1.9826647341251373	0.2812500000000001	
iter	6730	0.6673076353035867	0.7875000000000003	2.061620257794857	0.25000000000000006	
iter	6740	0.7665425455197692	0.70625	2.0306665394455194	0.28125000000000006	
iter	6750	0.9877490368671715	0.6437500000000003	2.042185354977846	0.30625	
iter	6760	0.6158580747433007	0.7875000000000002	1.7783417776226997	0.3500000000000001	
iter	6770	0.7510132987517864	0.7750000000000002	1.8715513180941343	0.2437500000000001	
iter	6780	0.7818653369322419	0.7000000000000002	1.8827482275664806	0.28125000000000006	
iter	6790	0.6853592868428677	0.7625000000000002	1.845835955813527	0.30624999999999997	
iter	6800	0.8227168619632721	0.7062499999999999	1.9678275790065527	0.28125	
iter	6810	0.7388896511401981	0.7875000000000003	1.8894253317266703	0.32500000000000007	
iter	6820	0.8296021246351302	0.7000000000000001	1.9566962700337172	0.29375	
iter	6830	0.715485731838271	0.7000000000000001	1.9558216547593474	0.33124999999999993	
iter	6840	0.7328872452490032	0.7062500000000002	2.0620668828487396	0.21875000000000008	
iter	6850	0.7356308510061353	0.7562500000000001	1.9611710961908102	0.28125000000000006	
iter	6860	0.7131600078428164	0.7625000000000001	2.051698222756386	0.29375	
iter	6870	0.812881066231057	0.6875000000000002	1.979630146175623	0.30624999999999997	
iter	6880	0.775454496499151	0.7250000000000001	1.9641031734645367	0.3	
iter	6890	0.7172252768650651	0.7500000000000001	2.28202498331666	0.20625000000000007	
iter	6900	0.6103634572355077	0.7625000000000003	2.0481979977339506	0.2875	
iter	6910	0.7644315296784043	0.7437500000000002	1.9484251290559769	0.29375	
iter	6920	0.7807350498624146	0.7187500000000006	2.1264919359236956	0.2687500000000001	
iter	6930	0.6662094602361321	0.7437500000000002	1.929070440120995	0.29375000000000007	
iter	6940	0.752962380181998	0.7062500000000002	1.7459653671830893	0.3	
iter	6950	0.7652487023733556	0.74375	1.8144196458160877	0.3	
iter	6960	0.7350261486135423	0.7312500000000002	1.765931697562337	0.29375	
iter	6970	0.5901543088257313	0.7937500000000001	1.876651723869145	0.31875000000000003	
iter	6980	0.7247949750162661	0.68125	1.9794316999614239	0.3562500000000001	
iter	6990	0.8615241262596101	0.6812500000000001	2.0789352506399155	0.2437500000000001	
iter	7000	0.659235549159348	0.7625000000000002	2.058565851300955	0.2562500000000001	
iter	7010	0.6572763733565807	0.7312500000000003	1.980429407209158	0.23750000000000007	
iter	7020	0.6381894857622683	0.7875000000000003	1.9110928140580654	0.2562500000000001	
iter	7030	0.58315294329077	0.7875000000000002	2.1391400452703238	0.24375000000000008	
iter	7040	0.7857237558346242	0.7062500000000002	2.2589342277497053	0.29375	
iter	7050	0.5571106402203441	0.7937500000000003	2.006248392164707	0.30624999999999997	
iter	7060	0.7770928768441081	0.7250000000000002	1.9602704718708992	0.30000000000000004	
iter	7070	0.7911196234636009	0.7125	2.171831538900733	0.25625000000000003	
iter	7080	0.8271199712180533	0.6875000000000002	1.94188448227942	0.29375000000000007	
iter	7090	0.587595920311287	0.7562500000000001	2.0702734366059303	0.26875	
iter	7100	0.6346266998443753	0.7500000000000002	1.8236065544188023	0.32500000000000007	
iter	7110	0.7239139648154378	0.7062500000000003	1.8317310754209757	0.25	
iter	7120	0.6748792903963476	0.7812500000000001	1.694800965487957	0.2625000000000001	
iter	7130	0.841251437086612	0.6249999999999999	1.6399179250001907	0.37500000000000006	
iter	7140	0.6917713093571365	0.7625000000000001	1.9309546798467636	0.3062499999999999	
iter	7150	0.7887867065146565	0.7500000000000002	1.8978618495166302	0.35625	
iter	7160	0.8913445416837931	0.7312500000000004	2.0357037782669067	0.325	
iter	7170	0.7337425397709012	0.7250000000000002	2.1327077373862267	0.2625	
iter	7180	0.7017811173573136	0.7750000000000002	1.9751307014375925	0.34375	
iter	7190	0.7285119108855724	0.7375000000000004	1.932212257757783	0.3	
iter	7200	0.7902800529263914	0.7000000000000002	1.8858229648321867	0.30000000000000004	
iter	7210	0.6968944373074919	0.7562500000000003	1.8895381800830364	0.2625	
iter	7220	0.7380984011106193	0.7125000000000002	2.0033174995332956	0.33125000000000004	
iter	7230	0.7335024768253788	0.7250000000000001	1.9071496073156595	0.31875000000000014	
iter	7240	0.8322506924159825	0.7000000000000001	2.00261589884758	0.31875	
iter	7250	0.7577543407678604	0.7000000000000001	1.903240043669939	0.31250000000000006	
iter	7260	0.7307995783630759	0.6937500000000001	2.1159870997071266	0.26875000000000004	
iter	7270	0.6545160314999521	0.7312500000000003	2.0331100523471832	0.30000000000000004	
iter	7280	0.6766186797758564	0.7687500000000002	1.8508760780096054	0.33749999999999997	
iter	7290	0.7208333550952375	0.7125000000000001	2.087800372391939	0.325	
iter	7300	0.6205424494110048	0.7625000000000004	1.8720265123993158	0.35625	
iter	7310	0.6345551400445402	0.7375000000000002	1.868319172412157	0.3374999999999999	
iter	7320	0.6919538741931319	0.7187500000000002	1.8945619259029627	0.31249999999999994	
iter	7330	0.7269495520740747	0.7437500000000002	1.7572636306285858	0.31875000000000003	
iter	7340	0.6886120699346066	0.73125	1.8699178248643875	0.28125000000000006	
iter	7350	0.7787378211505711	0.6812500000000002	1.860136840492487	0.2562500000000001	
iter	7360	0.7948440685868263	0.6875000000000002	1.8221877440810204	0.31250000000000006	
iter	7370	0.7268451768904924	0.7000000000000003	1.9441560609266162	0.25000000000000006	
iter	7380	0.8406856651417911	0.7	1.871703702956438	0.31250000000000006	
iter	7390	0.9299820468295366	0.6687500000000002	1.7852929774671793	0.36250000000000004	
iter	7400	0.7500679669901729	0.7000000000000002	1.944107010960579	0.2937500000000001	
iter	7410	0.7317616231739521	0.7187500000000001	1.8582683876156807	0.325	
iter	7420	0.7975276503711939	0.7062499999999999	1.9315202962607145	0.30625	
iter	7430	0.6240887907333672	0.7625000000000003	2.1939523350447416	0.26875000000000004	
iter	7440	0.7192650963552296	0.7187500000000001	1.930205212906003	0.35625	
iter	7450	0.7578157137613744	0.69375	2.149979181587696	0.28124999999999994	
iter	7460	0.8402928868308663	0.6812499999999999	2.0417857728898525	0.31875	
iter	7470	0.6528506626491435	0.7500000000000001	2.0559037271887064	0.3312499999999999	
iter	7480	0.7579784225672483	0.6875	1.9538620440289378	0.30000000000000004	
iter	7490	0.6798247171100229	0.7687500000000002	2.2875869646668434	0.25000000000000006	
iter	7500	0.6611793127376586	0.7625000000000002	1.969242813065648	0.3	
iter	7510	0.7485028645023704	0.6812500000000002	1.9710488319396973	0.25000000000000006	
iter	7520	0.55401163501665	0.8000000000000002	1.8452642783522606	0.2875	
iter	7530	0.6928610075265169	0.7562500000000003	1.9681956693530083	0.2000000000000001	
iter	7540	0.724651052383706	0.7187500000000001	1.6393762473016977	0.375	
iter	7550	0.7384007968939841	0.7125000000000002	1.9389872513711452	0.2625	
iter	7560	0.7626435793936253	0.7125000000000001	1.905703242868185	0.30624999999999997	
iter	7570	0.6281988844275475	0.7500000000000003	1.9638359062373638	0.2500000000000001	
iter	7580	0.9196050800383091	0.6562500000000002	2.197990518063307	0.21250000000000005	
iter	7590	0.714931134134531	0.7562500000000003	1.9938191212713718	0.3312499999999999	
iter	7600	0.6891941814683378	0.7625000000000002	2.0676774298772216	0.2625	
iter	7610	0.8513562293956056	0.6937500000000003	1.9061572086066008	0.28750000000000003	
iter	7620	0.7330048899166286	0.7062500000000003	1.981248201802373	0.28750000000000003	
iter	7630	0.6585558041697368	0.7625000000000003	2.127545617520809	0.26250000000000007	
iter	7640	0.5112480481620878	0.8250000000000002	2.1639939323067665	0.25000000000000006	
iter	7650	0.6809292547404766	0.7500000000000002	1.8892916645854712	0.30625	
iter	7660	0.6135707264766097	0.7750000000000002	2.0345818549394608	0.26875000000000004	
iter	7670	0.7008475706679747	0.7124999999999999	1.8459855634719133	0.34374999999999994	
iter	7680	0.6383151344489306	0.7937500000000002	1.8784411791712046	0.31875000000000003	
iter	7690	0.770683485083282	0.7125000000000001	1.974772760644555	0.2750000000000001	
iter	7700	0.9438837156631052	0.6625000000000002	1.8255275562405586	0.29375000000000007	
iter	7710	0.6208935366012156	0.8062500000000004	1.8255792893469334	0.29374999999999996	
iter	7720	0.7021280340850353	0.75	1.8232662696391344	0.26250000000000007	
iter	7730	0.7201552586629987	0.7312500000000002	1.7608697805553675	0.3125	
iter	7740	0.6092936159111559	0.8000000000000003	1.7253184150904417	0.2875000000000001	
iter	7750	0.741975347045809	0.7125000000000002	1.7615374755114317	0.3125	
iter	7760	0.6096742548979819	0.8250000000000003	1.7335467748343945	0.31875000000000003	
iter	7770	0.6202533072791994	0.7625000000000002	1.912756610661745	0.28750000000000003	
iter	7780	0.8159476337023079	0.6750000000000002	1.9648163877427578	0.32500000000000007	
iter	7790	0.7181285953847691	0.7625000000000002	1.9670264832675457	0.30624999999999997	
iter	7800	0.841099024284631	0.6562500000000002	1.8264267947524786	0.30625	
iter	7810	0.6895498861558735	0.7125000000000002	1.7196714878082275	0.39375	
iter	7820	0.6733389012515545	0.74375	1.9664051923900843	0.325	
iter	7830	0.7830647672526538	0.7125000000000001	2.0451781395822763	0.3125	
iter	7840	0.834131236653775	0.7000000000000001	2.0924690775573254	0.2562500000000001	
iter	7850	0.7332964176312089	0.7187500000000002	2.0335611384361982	0.26250000000000007	
iter	7860	0.7049923073500395	0.7500000000000001	2.117791272699833	0.28125000000000006	
iter	7870	0.7344884083140641	0.7187500000000002	2.036003453657031	0.29374999999999996	
iter	7880	0.7808297229930758	0.7250000000000001	2.0227951128035784	0.26874999999999993	
iter	7890	0.64876939880196	0.7812500000000004	1.9758965279906988	0.30000000000000004	
iter	7900	0.6518386139068753	0.7687500000000002	2.031203866004944	0.325	
iter	7910	0.6812004721723497	0.7000000000000001	1.8549883775413036	0.33749999999999997	
iter	7920	0.5869520825799555	0.7937500000000002	1.9658624352887273	0.3000000000000001	
iter	7930	0.6984061760595068	0.7687500000000003	1.8941134009510279	0.3375	
iter	7940	0.7131276819854975	0.7312500000000001	1.996091052889824	0.29375000000000007	
iter	7950	0.6874858089722693	0.7812500000000002	1.992828905582428	0.2562500000000001	
iter	7960	0.7437669532373548	0.7250000000000001	1.8169038612395525	0.325	
iter	7970	0.646250931546092	0.7562500000000002	1.7174765300005674	0.35	
iter	7980	0.6137860727030784	0.7562500000000001	1.7253024745732546	0.3125	
iter	7990	0.6417929441668093	0.775	1.612458759918809	0.36875	
iter	8000	0.7105119084008038	0.7312500000000001	1.7825533971190453	0.28750000000000003	
iter	8010	0.6831045893486589	0.7500000000000003	1.9977894574403763	0.20000000000000007	
iter	8020	0.6317243711091578	0.7375	2.200584005564451	0.21250000000000008	
iter	8030	0.7371352505870163	0.7750000000000002	1.935839707031846	0.3	
iter	8040	0.8888595686294138	0.6437499999999999	1.769097812473774	0.3687500000000001	
iter	8050	0.6767603061161935	0.7500000000000001	2.0473800003528595	0.29374999999999996	
iter	8060	0.6977062236983329	0.7250000000000003	1.7748828595504165	0.3374999999999999	
iter	8070	0.8087778054177761	0.7062500000000004	1.847959492355585	0.36249999999999993	
iter	8080	0.7614823044277728	0.6937500000000003	1.896511074155569	0.3	
iter	8090	0.7134613445959985	0.7437500000000001	2.2593856267631054	0.24375000000000005	
iter	8100	0.5673406834248453	0.8062500000000002	1.8886304944753647	0.31875	
iter	8110	0.8109166650101542	0.6625000000000002	1.958697598427534	0.36874999999999997	
iter	8120	0.5362129390705377	0.8187500000000002	2.049492221325636	0.26875	
iter	8130	0.6628662978764623	0.7437500000000002	2.1617276817560196	0.275	
iter	8140	0.7753579965792596	0.7187500000000003	2.0733045376837254	0.30624999999999997	
iter	8150	0.7854836415499449	0.7062500000000003	2.034690013155341	0.2750000000000001	
iter	8160	0.6634276062250137	0.7437500000000002	2.1562563478946686	0.23125000000000004	
iter	8170	0.6249739178456366	0.7625000000000001	1.8356989473104477	0.36874999999999997	
iter	8180	0.6661816956475377	0.7625000000000003	2.064920097589493	0.28750000000000003	
iter	8190	0.7046609176322818	0.7562500000000001	1.7884577475488186	0.3375000000000001	
iter	8200	0.6987405149266124	0.7437500000000002	1.8194249458611012	0.31875	
iter	8210	0.7438874952495098	0.6937500000000002	1.8412270955741405	0.29375	
iter	8220	0.6398177882656455	0.7062500000000002	1.766545545309782	0.3000000000000001	
iter	8230	0.7776838997378945	0.7250000000000001	1.9226216152310371	0.2625	
iter	8240	0.6257398640736938	0.8000000000000003	1.9338719565421343	0.26875000000000004	
iter	8250	0.760987133719027	0.7375000000000002	1.8888415656983852	0.33125	
iter	8260	0.647859213873744	0.7375000000000003	1.8842824529856443	0.2750000000000001	
iter	8270	0.6440369095653296	0.7500000000000003	1.9248742535710335	0.31875	
iter	8280	0.7078078673221171	0.7562500000000001	1.750889265909791	0.33749999999999997	
iter	8290	0.7907476460095495	0.6750000000000002	1.7503686621785164	0.3375000000000001	
iter	8300	0.704994807485491	0.7625000000000001	1.8725983537733555	0.3374999999999999	
iter	8310	0.721676217392087	0.75	1.8426266759634018	0.2875	
iter	8320	0.7950770747847855	0.6937500000000001	1.8400792460888624	0.36874999999999997	
iter	8330	0.7715197457000613	0.6937500000000002	1.9491190649569035	0.31250000000000006	
iter	8340	0.602767329197377	0.7750000000000004	2.0436523500829935	0.2562500000000001	
iter	8350	0.6904842075891793	0.7187500000000002	2.1802327800542116	0.2625	
iter	8360	0.7617384106852114	0.7125000000000002	1.9330862909555435	0.33125	
iter	8370	0.6409627369139344	0.7374999999999999	2.2814106550067663	0.25000000000000006	
iter	8380	0.8071536521892995	0.7125000000000002	2.088149383664131	0.26875	
iter	8390	0.6555190219078213	0.7875	2.1251850351691246	0.29375	
iter	8400	0.6501219065394253	0.7750000000000002	2.0851257033646107	0.3250000000000002	
iter	8410	0.6780037755379453	0.7625000000000001	1.780272739008069	0.39374999999999993	
iter	8420	0.7668226924724877	0.7562500000000002	2.159430805593729	0.23125000000000007	
iter	8430	0.756987611297518	0.7062500000000002	2.1395208686590195	0.27500000000000013	
iter	8440	0.7224435620009899	0.7437500000000004	2.110108954831958	0.3499999999999999	
iter	8450	0.8819283815100789	0.7187500000000001	2.1631652899086475	0.26875000000000004	
iter	8460	0.9003215678967535	0.6375000000000002	2.1162351332604885	0.28125	
iter	8470	0.6898630196228623	0.75625	1.9672244302928448	0.3187499999999999	
iter	8480	0.8137922000605613	0.7000000000000003	2.036678109318018	0.28125	
iter	8490	0.7545720380730927	0.7125000000000001	2.0830747932195663	0.2312500000000001	
iter	8500	0.7493943562731147	0.7187500000000003	2.02491807192564	0.29375000000000007	
iter	8510	0.7231309795752168	0.71875	1.893043652176857	0.31875000000000003	
iter	8520	0.6581854668911546	0.7562500000000001	2.0812040604650974	0.2687500000000001	
iter	8530	0.5839056647382677	0.8000000000000003	1.9156489744782448	0.32500000000000007	
iter	8540	0.8886261996813118	0.6500000000000001	1.7499950714409351	0.36875	
iter	8550	0.6542584339622408	0.7312500000000002	1.8199562896043062	0.28750000000000003	
iter	8560	0.700490745715797	0.7375000000000004	2.0381746999919415	0.27499999999999997	
iter	8570	0.792138418648392	0.7375000000000002	1.8571710381656885	0.3000000000000001	
iter	8580	0.6882565710693598	0.7375000000000002	1.8467873744666576	0.27499999999999997	
iter	8590	0.685775694437325	0.7312500000000002	1.8270168639719486	0.28750000000000003	
iter	8600	0.6952619580551982	0.7250000000000002	1.8772157561033964	0.33749999999999997	
iter	8610	0.6700776694342494	0.7437500000000004	2.0859619304537773	0.24375000000000002	
iter	8620	0.5949796121567488	0.7937500000000001	1.858232719823718	0.2875	
iter	8630	0.5827766093425453	0.8000000000000003	1.842884510755539	0.375	
iter	8640	0.5978897099848837	0.7875000000000003	1.7310324888676405	0.33749999999999997	
iter	8650	0.7338694287464023	0.7437500000000002	2.130626879632473	0.275	
iter	8660	0.8020920176059008	0.7125000000000002	2.0104766003787518	0.275	
iter	8670	0.7056641411036253	0.74375	1.8606384545564651	0.29375000000000007	
iter	8680	0.7603330062702298	0.69375	1.8131422232836485	0.36875	
iter	8690	0.8402068940922618	0.6937500000000001	2.0822861716151237	0.25625000000000003	
iter	8700	0.7127653006464243	0.7625000000000003	1.916411928832531	0.325	
iter	8710	0.6668156641535461	0.7562500000000002	1.9598603174090385	0.26875000000000004	
iter	8720	0.672510682605207	0.7937500000000003	1.93059441447258	0.30624999999999997	
iter	8730	0.7727088048122823	0.6875000000000001	2.1427300348877907	0.2250000000000001	
iter	8740	0.8963860599324107	0.65625	1.9054960776120424	0.32500000000000007	
iter	8750	0.7889317912049592	0.6875000000000001	2.0773422345519066	0.31249999999999994	
iter	8760	0.681752878241241	0.7562500000000002	2.0849913507699966	0.2562500000000001	
iter	8770	0.5146159252617508	0.8250000000000002	1.990992072969675	0.275	
iter	8780	0.7868453229311854	0.7312500000000002	2.1166945323348045	0.29374999999999996	
iter	8790	0.5452366813551635	0.8500000000000002	1.924846213310957	0.3125	
iter	8800	0.763392680324614	0.7000000000000001	2.0630200691521168	0.30624999999999997	
iter	8810	0.7067384324036539	0.7437500000000004	1.9901568870991468	0.30000000000000004	
iter	8820	0.72213971382007	0.68125	2.2021054662764072	0.25625000000000003	
iter	8830	0.8653501830995083	0.7000000000000001	1.8686020113527775	0.36874999999999986	
iter	8840	0.6036188810248859	0.8062500000000004	1.9883399549871683	0.32500000000000007	
iter	8850	0.7371501205489039	0.70625	1.817994225770235	0.30000000000000004	
iter	8860	0.8470192032400519	0.7000000000000001	2.161312973126769	0.24375000000000002	
iter	8870	0.6190188489854336	0.7687500000000003	2.005652593448758	0.24375000000000005	
iter	8880	0.6607745941728354	0.75625	2.035188874229789	0.32500000000000007	
iter	8890	0.5290336722973734	0.8062500000000001	1.802549209445715	0.35000000000000003	
iter	8900	0.6244979055481963	0.74375	1.6918848119676113	0.3875	
iter	8910	0.8861916940659285	0.6749999999999999	2.1073042023926973	0.2437500000000001	
iter	8920	0.5993592643644661	0.7875	2.0001014061272144	0.31250000000000006	
iter	8930	0.7156832066830248	0.75	1.822420021519065	0.3499999999999999	
iter	8940	0.5831150119192898	0.7875000000000002	1.8290947191417217	0.3125	
iter	8950	0.8420037762261927	0.6687500000000003	2.184200609102845	0.25625000000000003	
iter	8960	0.847877393476665	0.6625000000000003	1.8798491284251213	0.29375000000000007	
iter	8970	0.6592143701855093	0.76875	1.8697927817702293	0.31875000000000003	
iter	8980	0.7670475766062737	0.7250000000000001	1.9649745654314756	0.29375	
iter	8990	0.7093189130537212	0.7312500000000002	1.7004200909286737	0.3625	
iter	9000	0.6649143728427589	0.7937500000000003	1.9890935774892569	0.2687500000000001	
iter	9010	0.7456566460896283	0.7375000000000004	1.8872489761561155	0.31250000000000006	
iter	9020	0.6488184465561062	0.7812500000000001	1.890515998005867	0.325	
iter	9030	0.5854545449838042	0.7687500000000002	1.8531573433429003	0.3062500000000001	
iter	9040	0.5886208072770387	0.7750000000000004	1.910586690530181	0.3	
iter	9050	0.6762309488840401	0.70625	1.845867082476616	0.35625	
iter	9060	0.7945367945358157	0.7062500000000002	1.8054553214460611	0.3	
iter	9070	0.7681819954887033	0.7062500000000002	1.676182703115046	0.375	
iter	9080	0.6462138397619128	0.7687500000000002	1.7909754924476147	0.31875000000000003	
iter	9090	0.6702582600992173	0.7375	1.7842147946357727	0.3062499999999999	
iter	9100	0.7315917338710278	0.7312500000000001	1.799290794879198	0.26250000000000007	
iter	9110	0.6242242697626352	0.7562500000000001	1.7889031171798706	0.3249999999999999	
iter	9120	0.6155763049609959	0.7250000000000003	1.9951129090040922	0.2750000000000001	
iter	9130	0.7909472803585231	0.7125	1.8705278197303414	0.2812500000000001	
iter	9140	0.7146495440974832	0.7437500000000004	1.692177589982748	0.36250000000000004	
iter	9150	0.6867364374920726	0.7500000000000002	1.9716854467988014	0.23750000000000004	
iter	9160	0.6805685353465378	0.75	1.9300062227994204	0.3312500000000001	
iter	9170	0.6678010902833194	0.7562500000000001	1.9109207540750504	0.275	
iter	9180	0.7890448970720172	0.7062500000000003	1.8775331750512123	0.28125000000000006	
iter	9190	0.6555342157371342	0.7687500000000002	2.0733092948794365	0.26875000000000004	
iter	9200	0.7741610882803798	0.6687500000000003	1.8389505632221699	0.31249999999999994	
iter	9210	0.8365357001312077	0.6875000000000001	2.0309536904096603	0.28125	
iter	9220	0.6770473495125771	0.7500000000000002	1.7702023275196552	0.33125000000000004	
iter	9230	0.6008374476805329	0.7500000000000001	1.9251491762697697	0.3	
iter	9240	0.5851965402252972	0.7937500000000002	1.970353752374649	0.23750000000000007	
iter	9250	0.6010807664133608	0.8187500000000002	1.9623029381036758	0.28125000000000006	
iter	9260	0.6219738135114312	0.7562500000000002	1.748244034126401	0.3375000000000001	
iter	9270	0.6302059791050851	0.7875000000000002	1.8584340699017048	0.28125000000000006	
iter	9280	0.6281199911609292	0.7687500000000003	2.0206553041934967	0.33125	
iter	9290	0.7862991695292294	0.7125000000000002	2.001287741586566	0.26875000000000004	
iter	9300	0.758362851338461	0.7062500000000004	1.9974716305732727	0.2437500000000001	
iter	9310	0.6748014825861901	0.7187500000000003	1.6813176572322845	0.34375	
iter	9320	0.5615012948401272	0.8250000000000002	1.9830777700990438	0.26875000000000004	
iter	9330	0.5006479524308816	0.8187500000000002	2.0236502662301064	0.29375000000000007	
iter	9340	0.8683399441652	0.7062500000000002	1.7793241553008556	0.35625000000000007	
iter	9350	0.7154192356392741	0.7250000000000002	1.9478756878525019	0.275	
iter	9360	0.5537757785059512	0.7937500000000001	1.9468334652483463	0.2625000000000001	
iter	9370	0.7164987837895751	0.7437500000000001	2.045221642591059	0.3125	
iter	9380	0.6434297887608409	0.7500000000000001	2.100828319787979	0.24375000000000013	
iter	9390	0.7983582988381386	0.7125000000000002	1.9140446465462446	0.3312499999999999	
iter	9400	0.653905438259244	0.7875000000000001	1.8370936382561922	0.3374999999999999	
iter	9410	0.7674896372482181	0.7375000000000002	2.1166398636996746	0.26875	
iter	9420	0.7003136817365885	0.7312500000000002	1.9166739508509636	0.39375000000000004	
iter	9430	0.7490496695972979	0.7500000000000001	2.053823074325919	0.2874999999999999	
iter	9440	0.7591096865944564	0.7312500000000002	2.1800863221287727	0.21875000000000006	
iter	9450	0.7027863515540957	0.7500000000000001	2.106964871287346	0.25625000000000003	
iter	9460	0.6748279267922044	0.7250000000000002	1.9500547051429749	0.32499999999999996	
iter	9470	0.8528698515146971	0.6750000000000002	1.6947331801056862	0.33124999999999993	
iter	9480	0.6904558507958427	0.7249999999999999	1.7290486712008715	0.3874999999999999	
iter	9490	0.7524340016534552	0.7250000000000002	1.9268577620387077	0.22500000000000012	
iter	9500	0.7294855918735266	0.7062500000000003	1.8711996972560883	0.33124999999999993	
iter	9510	0.6063646613620222	0.8000000000000003	1.93067666888237	0.33125	
iter	9520	0.7838447601534426	0.7000000000000002	2.092972319573164	0.29375	
iter	9530	0.5737088457681239	0.8125000000000002	1.99881462007761	0.29375	
iter	9540	0.5542368206661195	0.7875000000000001	1.9240642413496971	0.26875	
iter	9550	0.5759973913663998	0.7937500000000001	1.780828271061182	0.3312500000000001	
iter	9560	0.716342102503404	0.7375000000000002	2.0490943025797606	0.325	
iter	9570	0.6529983936343342	0.7750000000000002	1.7505314871668816	0.3062500000000001	
iter	9580	0.6162444739602506	0.7625000000000003	1.9535498339682817	0.31250000000000006	
iter	9590	0.7568813709076494	0.7500000000000002	1.9787407834082842	0.28125000000000006	
iter	9600	0.6247311218176037	0.7562500000000002	1.8833494186401367	0.28125000000000006	
iter	9610	0.6890247880946845	0.7625000000000003	1.9963800832629204	0.26875000000000004	
iter	9620	0.6926939259283245	0.7624999999999998	1.744865101762116	0.3499999999999999	
iter	9630	0.7202199092134833	0.7125000000000001	2.0147232078015804	0.29375	
iter	9640	0.7202026818413287	0.7187500000000001	2.296405840665102	0.2562500000000001	
iter	9650	0.6878423751331866	0.7250000000000004	1.977257004007697	0.2750000000000001	
iter	9660	0.7689744152594358	0.7125	2.0735080875456333	0.23125000000000007	
iter	9670	0.8283994470257312	0.6875000000000001	2.0914961136877537	0.2687500000000001	
iter	9680	0.7002044431865215	0.7375000000000002	2.0278670359402895	0.3	
iter	9690	0.7758873295970261	0.6750000000000003	2.103217490017414	0.2812500000000001	
iter	9700	0.9829455940052867	0.6375000000000002	1.867359273135662	0.3375	
iter	9710	0.7648551475722343	0.7312500000000002	1.8752951957285404	0.29375000000000007	
iter	9720	0.7550803860649467	0.6812500000000001	2.131319150328636	0.20625000000000007	
iter	9730	0.5354545451700687	0.7750000000000002	1.8565484434366226	0.28125000000000006	
iter	9740	0.7669064293149859	0.7062500000000003	1.8020759504288435	0.35625	
iter	9750	0.6115675279870629	0.7812500000000001	1.8747268002480268	0.31875	
iter	9760	0.6901624430902302	0.7500000000000001	1.8526774495840073	0.34374999999999994	
iter	9770	0.796567247249186	0.7062500000000002	2.0794255062937737	0.32499999999999996	
iter	9780	0.8876394983381033	0.7	1.8750209864228964	0.34375	
iter	9790	0.7296852763975039	0.7500000000000002	2.1188847851008177	0.23750000000000007	
iter	9800	0.6750714271329343	0.7250000000000001	1.9166024941951036	0.32500000000000007	
iter	9810	0.7125959484837949	0.7250000000000002	2.1108876187354326	0.225	
iter	9820	0.6033858035225421	0.7750000000000002	2.0177751071751118	0.25625000000000003	
iter	9830	0.795532685238868	0.6437500000000002	2.0364652276039124	0.28125	
iter	9840	0.8075310722924769	0.6750000000000002	2.1949609834700823	0.31250000000000006	
iter	9850	0.7946254964917898	0.6937500000000003	1.7364453729242086	0.32499999999999996	
iter	9860	0.6284918483579531	0.7875000000000003	2.0401602890342474	0.21250000000000008	
iter	9870	0.6555504882708192	0.7937500000000002	2.0313542131334543	0.28750000000000003	
iter	9880	0.6737276113126427	0.7250000000000002	2.0331865279003978	0.29374999999999996	
iter	9890	0.7056142734363675	0.7750000000000004	1.9013530798256397	0.29375	
iter	9900	0.8251785575412214	0.6750000000000002	2.0679646395146847	0.28125000000000006	
iter	9910	0.6690017273649573	0.7625000000000004	1.9680729787796736	0.3250000000000001	
iter	9920	0.5494292167713866	0.7812500000000002	2.1069506015628576	0.28125	
iter	9930	0.859465247951448	0.6687500000000002	2.1266227290034294	0.2875000000000001	
iter	9940	0.7113958849804476	0.7375000000000002	2.0843689423054457	0.3125	
iter	9950	0.7483760934555903	0.7312500000000002	1.8469348885118961	0.34374999999999994	
iter	9960	0.6292527434416115	0.7437500000000001	2.088175419718027	0.2750000000000001	
iter	9970	0.6898202211596072	0.7687500000000003	1.8483318723738194	0.3499999999999999	
iter	9980	0.7450371000450104	0.7187500000000001	1.8366862498223782	0.29375	
iter	9990	0.6338041941635311	0.8062500000000004	1.9635090008378029	0.29375000000000007	
iter	10000	0.5689594561699778	0.8125000000000001	1.9069870170205832	0.33749999999999997	
