iter	10	1.654410406947136	0.25	1.541031178086996	0.33125	
iter	20	1.5917702242732048	0.29374999999999996	1.6189962141215801	0.23750000000000007	
iter	30	1.5835059769451618	0.3125	1.5721477456390858	0.325	
iter	40	1.5950561463832855	0.275	1.5851219594478607	0.28750000000000003	
iter	50	1.535979077219963	0.30625	1.567839615046978	0.23125000000000004	
iter	60	1.595085270702839	0.26250000000000007	1.6690472587943077	0.2500000000000001	
iter	70	1.5401777923107147	0.31875000000000003	1.5588545501232147	0.26250000000000007	
iter	80	1.5787829235196114	0.25000000000000006	1.6265139617025852	0.28125000000000006	
iter	90	1.5136126354336739	0.325	1.5832332447171211	0.2812500000000001	
iter	100	1.5536301024258137	0.30625	1.6013915352523327	0.28125000000000006	
iter	110	1.5688587985932827	0.27499999999999997	1.571107815951109	0.29375000000000007	
iter	120	1.5729912780225277	0.2562500000000001	1.557163543999195	0.30625	
iter	130	1.5378690734505653	0.29375000000000007	1.4588183127343655	0.36874999999999997	
iter	140	1.5723911561071873	0.2687500000000001	1.5719755664467812	0.28124999999999994	
iter	150	1.541303638368845	0.3	1.4913546107709408	0.31875000000000003	
iter	160	1.5806833170354366	0.275	1.5213225595653057	0.33124999999999993	
iter	170	1.5936431176960468	0.25000000000000006	1.5985621698200703	0.26250000000000007	
iter	180	1.499606754630804	0.40624999999999994	1.5057677440345287	0.30624999999999997	
iter	190	1.521543137729168	0.35000000000000003	1.557587869465351	0.2687500000000001	
iter	200	1.5439175702631474	0.28125000000000006	1.5736311748623848	0.26875000000000004	
iter	210	1.5463568270206451	0.29375000000000007	1.5680626221001148	0.2562500000000001	
iter	220	1.5032691434025764	0.33125000000000004	1.5657320283353329	0.30624999999999997	
iter	230	1.5204795226454735	0.3125000000000001	1.568148162215948	0.28125000000000006	
iter	240	1.5270115360617638	0.35000000000000014	1.4925898313522339	0.29375	
iter	250	1.5226323828101158	0.33749999999999997	1.5961288288235664	0.30625	
iter	260	1.5479276068508625	0.3250000000000001	1.4994961954653263	0.31250000000000006	
iter	270	1.531380869448185	0.3124999999999999	1.4754402972757816	0.3875	
iter	280	1.519137479364872	0.32500000000000007	1.4392686821520329	0.33749999999999986	
iter	290	1.4882631488144398	0.33749999999999997	1.5207401774823666	0.325	
iter	300	1.5158997252583504	0.33750000000000013	1.518657375127077	0.33749999999999997	
iter	310	1.5410887375473976	0.3	1.445484010502696	0.37499999999999994	
iter	320	1.4867410697042942	0.35625000000000007	1.4919578842818737	0.38125	
iter	330	1.4840902127325535	0.3375	1.4896390475332737	0.34374999999999994	
iter	340	1.5684883445501328	0.2812500000000001	1.4083762876689434	0.45625	
iter	350	1.5264879912137985	0.32500000000000007	1.4688791669905186	0.36250000000000004	
iter	360	1.4896548315882683	0.3125000000000001	1.5212618634104729	0.35625000000000007	
iter	370	1.4633419662714005	0.31875000000000003	1.532342318445444	0.3375000000000001	
iter	380	1.4429413825273514	0.35625000000000007	1.4529498927295208	0.34375000000000006	
iter	390	1.5211692973971367	0.32500000000000007	1.4620871990919113	0.35000000000000003	
iter	400	1.5120659209787846	0.3375	1.4397740587592125	0.37499999999999994	
iter	410	1.4856425039470196	0.3	1.4818495064973831	0.3499999999999999	
iter	420	1.4959551021456718	0.3937500000000001	1.5159056410193443	0.34375	
iter	430	1.5254752784967422	0.31250000000000006	1.5470289681106806	0.31249999999999994	
iter	440	1.4771398156881332	0.36874999999999997	1.479110561311245	0.36875	
iter	450	1.4556751772761345	0.38125000000000014	1.5041817091405392	0.35	
iter	460	1.5302597507834435	0.31250000000000006	1.5035286881029606	0.3375000000000001	
iter	470	1.4920162111520767	0.3125	1.4740058332681656	0.36249999999999993	
iter	480	1.4362830705940723	0.39375000000000004	1.4032823536545038	0.41250000000000003	
iter	490	1.5421740338206291	0.32500000000000007	1.5382847096771002	0.31875	
iter	500	1.474218811839819	0.3437500000000001	1.517404805868864	0.31249999999999994	
iter	510	1.4552303068339825	0.33749999999999997	1.4609437994658947	0.38125	
iter	520	1.5395055785775185	0.3000000000000001	1.5448100566864014	0.29374999999999996	
iter	530	1.5247049741446972	0.3312500000000001	1.4434321708977222	0.35000000000000003	
iter	540	1.418830256909132	0.34375	1.4402512237429619	0.3375	
iter	550	1.4190363995730877	0.3812499999999999	1.4796053394675255	0.35625	
iter	560	1.4950689785182476	0.3375	1.3863384369760752	0.39999999999999986	
iter	570	1.5428027547895908	0.375	1.4077098239213228	0.375	
iter	580	1.4730883799493313	0.4000000000000001	1.4615766368806362	0.32500000000000007	
iter	590	1.5073087066411972	0.31875	1.5435407757759094	0.39375	
iter	600	1.5103217959403992	0.35	1.4880062118172646	0.3749999999999999	
iter	610	1.4753537252545357	0.36875	1.4219603352248669	0.35624999999999996	
iter	620	1.4403368756175041	0.3374999999999999	1.4970285296440125	0.31874999999999987	
iter	630	1.44494216889143	0.3875	1.5222551226615906	0.325	
iter	640	1.4465030245482922	0.37499999999999994	1.4928412660956383	0.39999999999999997	
iter	650	1.4866144396364689	0.33124999999999993	1.3685169033706188	0.4	
iter	660	1.448369339108467	0.39375000000000004	1.4947441332042217	0.3499999999999999	
iter	670	1.4158068001270294	0.37499999999999994	1.5571259707212448	0.33124999999999993	
iter	680	1.4348735958337784	0.3687500000000001	1.3830700367689133	0.4062499999999999	
iter	690	1.4204050339758396	0.4312499999999999	1.5187151804566383	0.3374999999999999	
iter	700	1.4973286427557468	0.3625000000000001	1.4654730539768934	0.3875	
iter	710	1.3989481255412102	0.40625	1.4682783968746662	0.35000000000000003	
iter	720	1.422275748103857	0.41875	1.4038404859602451	0.43124999999999997	
iter	730	1.4834915474057198	0.3500000000000001	1.4108596164733171	0.37500000000000006	
iter	740	1.4631244987249374	0.3625000000000001	1.4832002129405737	0.35625	
iter	750	1.4224222861230373	0.37500000000000006	1.4176402539014816	0.42499999999999993	
iter	760	1.4813496805727482	0.35625000000000007	1.4532927498221397	0.34375000000000006	
iter	770	1.3357128351926804	0.42500000000000004	1.4128907583653927	0.40625000000000006	
iter	780	1.4221470840275288	0.39999999999999997	1.5102376192808151	0.39375	
iter	790	1.417285792529583	0.375	1.4737661872059107	0.36875	
iter	800	1.3922868520021439	0.42500000000000004	1.4061176981776953	0.44375000000000003	
iter	810	1.431654017418623	0.3875	1.4178657829761505	0.39375000000000016	
iter	820	1.4235997796058655	0.32500000000000007	1.370559485629201	0.4250000000000001	
iter	830	1.464442865923047	0.36250000000000004	1.5103574767708778	0.35625	
iter	840	1.4411603286862373	0.37500000000000006	1.4936800226569176	0.34374999999999994	
iter	850	1.4832895249128342	0.3625	1.4128918945789337	0.4124999999999999	
iter	860	1.4162661377340555	0.39375	1.415562491863966	0.36874999999999997	
iter	870	1.4093585498631	0.41250000000000003	1.4400252476334572	0.34375000000000006	
iter	880	1.438229899853468	0.3875	1.4635567981749773	0.3812500000000001	
iter	890	1.397937236353755	0.41875000000000007	1.4778909496963024	0.38125	
iter	900	1.4591115973889828	0.3812499999999999	1.489443501457572	0.34375	
iter	910	1.4106863625347614	0.41875	1.354066539555788	0.41875	
iter	920	1.3500664699822664	0.43749999999999994	1.3691365625709295	0.41250000000000003	
iter	930	1.4023014158010483	0.43125	1.5247208699584007	0.34375	
iter	940	1.333683766424656	0.45	1.4050932545214891	0.37500000000000006	
iter	950	1.3476872071623802	0.40625	1.3081643674522638	0.41874999999999996	
iter	960	1.4247446693480015	0.39375	1.44122195802629	0.4187499999999999	
iter	970	1.365738546475768	0.43749999999999994	1.565960343927145	0.31875000000000003	
iter	980	1.511570766568184	0.35000000000000003	1.3521298374980688	0.4124999999999998	
iter	990	1.3569673299789429	0.4312499999999999	1.4665531311184168	0.38749999999999996	
iter	1000	1.482925746589899	0.38125	1.4727750830352306	0.38750000000000007	
iter	1010	1.330774249508977	0.44375000000000003	1.4690029416233301	0.3625	
iter	1020	1.479364536702633	0.3437499999999999	1.3262207303196192	0.425	
iter	1030	1.3622546959668398	0.43750000000000006	1.432963766157627	0.425	
iter	1040	1.3817531652748585	0.42500000000000004	1.366219725459814	0.42500000000000016	
iter	1050	1.4199559930711985	0.38125	1.3809319101274014	0.39375	
iter	1060	1.3609608598053455	0.4187499999999999	1.3368885219097137	0.45624999999999993	
iter	1070	1.3513471242040396	0.41250000000000003	1.3852119538933039	0.3687499999999999	
iter	1080	1.3757524620741606	0.43749999999999983	1.4013657420873642	0.45000000000000007	
iter	1090	1.3717161379754543	0.43124999999999997	1.439051441848278	0.3499999999999999	
iter	1100	1.3204043544828892	0.46874999999999994	1.4303288012742996	0.3749999999999999	
iter	1110	1.3962874710559845	0.39375000000000004	1.4002970270812511	0.37499999999999994	
iter	1120	1.4628062099218369	0.33749999999999997	1.4016441628336906	0.42499999999999993	
iter	1130	1.2908988762646914	0.4625	1.4443503338843584	0.37500000000000006	
iter	1140	1.3452678974717855	0.3875	1.3972655553370714	0.38749999999999984	
iter	1150	1.424879539757967	0.39375	1.3818679172545671	0.43124999999999997	
iter	1160	1.380397079512477	0.43749999999999994	1.5262882933020592	0.32500000000000007	
iter	1170	1.328315244987607	0.4500000000000001	1.3191094473004341	0.425	
iter	1180	1.468118254095316	0.35624999999999996	1.3527887910604477	0.425	
iter	1190	1.4329279661178589	0.3687500000000001	1.4620817340910435	0.4062500000000001	
iter	1200	1.3161959666758776	0.4562500000000001	1.5026963762938976	0.35000000000000003	
iter	1210	1.4092369377613068	0.35625000000000007	1.5061646085232496	0.3625000000000001	
iter	1220	1.2640323136001825	0.5	1.498654330149293	0.3875	
iter	1230	1.3404510859400034	0.44375000000000003	1.5016803815960884	0.34375	
iter	1240	1.3277152441442013	0.40625000000000006	1.3509378284215927	0.38125	
iter	1250	1.2736017536371946	0.44375	1.3305914010852575	0.45625	
iter	1260	1.3938258737325668	0.4	1.336366320028901	0.41875000000000007	
iter	1270	1.361068269237876	0.40625000000000006	1.4514890238642693	0.40000000000000013	
iter	1280	1.3057045619934797	0.4750000000000001	1.4186792932450771	0.3437500000000001	
iter	1290	1.3380629010498524	0.46875	1.3113370351493359	0.4687500000000001	
iter	1300	1.2811898570507765	0.46875000000000006	1.3780320715159178	0.43124999999999997	
iter	1310	1.297667095437646	0.4312500000000001	1.3143704030662775	0.41250000000000003	
iter	1320	1.3098806999623775	0.425	1.3915146719664335	0.3937499999999999	
iter	1330	1.3872634898871183	0.41874999999999996	1.365318227559328	0.4437500000000001	
iter	1340	1.3737895488739014	0.4375	1.3759523034095764	0.3500000000000001	
iter	1350	1.326123420149088	0.40625	1.410791963338852	0.41250000000000003	
iter	1360	1.3813862390816212	0.43750000000000006	1.4379585161805153	0.39999999999999997	
iter	1370	1.299610571935773	0.4625	1.4408536907285452	0.3874999999999999	
iter	1380	1.3400401342660189	0.45625000000000004	1.4001248646527529	0.4125	
iter	1390	1.343372605741024	0.44375000000000003	1.4511164166033268	0.36875	
iter	1400	1.3035892862826586	0.48124999999999996	1.404668079689145	0.3937499999999999	
iter	1410	1.3113953676074743	0.43124999999999997	1.3606788907200098	0.3875	
iter	1420	1.3566397204995155	0.4062500000000001	1.4815476574003696	0.3812499999999999	
iter	1430	1.374870290979743	0.3812499999999999	1.3570568319410086	0.41874999999999984	
iter	1440	1.3035429622977972	0.47499999999999987	1.3615977484732866	0.41874999999999996	
iter	1450	1.2760454900562763	0.4749999999999998	1.4003835450857878	0.39999999999999997	
iter	1460	1.3389484100043774	0.39999999999999997	1.412386380136013	0.41875	
iter	1470	1.3828872293233871	0.38125000000000003	1.4121235497295856	0.41875000000000007	
iter	1480	1.386106263846159	0.4375	1.4529166296124458	0.38750000000000007	
iter	1490	1.3957775179296732	0.41874999999999996	1.3289093524217606	0.41250000000000003	
iter	1500	1.3435352630913258	0.39375	1.4629674386233091	0.41874999999999996	
iter	1510	1.1603882871568203	0.5562500000000002	1.3952505327761173	0.46874999999999994	
iter	1520	1.403449708595872	0.37500000000000006	1.389421483501792	0.4124999999999999	
iter	1530	1.3291258122771978	0.45625000000000004	1.2929816469550133	0.4625	
iter	1540	1.2911078073084354	0.49375	1.4620468337088823	0.3687499999999998	
iter	1550	1.3163178823888302	0.39375000000000004	1.5064276829361916	0.38125	
iter	1560	1.211736498400569	0.5062500000000001	1.3727320581674576	0.4624999999999999	
iter	1570	1.3287668265402317	0.41250000000000003	1.499998839572072	0.36874999999999997	
iter	1580	1.2635083962231874	0.47500000000000003	1.351202493533492	0.4187499999999999	
iter	1590	1.2023388892412186	0.54375	1.3091466072946787	0.44375	
iter	1600	1.2031323369592428	0.50625	1.415625624358654	0.3937499999999999	
iter	1610	1.471958128735423	0.3625	1.5272778123617172	0.325	
iter	1620	1.255294756963849	0.5187499999999999	1.4187945686280727	0.40625000000000006	
iter	1630	1.3569515757262707	0.4374999999999999	1.2817548960447311	0.475	
iter	1640	1.2844221629202366	0.4812499999999999	1.2943863552063704	0.46249999999999997	
iter	1650	1.3151151854544878	0.42500000000000004	1.4472008775919676	0.375	
iter	1660	1.2216866761446	0.5437500000000001	1.5489634852856398	0.35625	
iter	1670	1.3331259787082672	0.48124999999999996	1.35944040492177	0.44999999999999996	
iter	1680	1.2997164856642485	0.47500000000000003	1.3244563220068812	0.41250000000000003	
iter	1690	1.4470718242228031	0.4124999999999999	1.2790546156466007	0.48750000000000004	
iter	1700	1.3349313493818045	0.46874999999999994	1.4179347343742847	0.3875	
iter	1710	1.381841890513897	0.4375	1.3667058534920216	0.3937499999999999	
iter	1720	1.3041291609406471	0.43124999999999997	1.3373295199126005	0.45625000000000004	
iter	1730	1.324975125491619	0.4375	1.3419946394860744	0.40624999999999994	
iter	1740	1.2626784164458513	0.4749999999999999	1.4271727744489908	0.42500000000000004	
iter	1750	1.378275591880083	0.39999999999999997	1.4770900756120682	0.3812499999999999	
iter	1760	1.2803954165428877	0.45000000000000007	1.3820987530052662	0.42499999999999993	
iter	1770	1.3003755081444979	0.4437499999999999	1.478579232469201	0.38125	
iter	1780	1.3521361127495766	0.41250000000000003	1.3743389304727316	0.42500000000000004	
iter	1790	1.2231092229485512	0.5062500000000001	1.3980236817151308	0.36250000000000004	
iter	1800	1.291036294773221	0.48125	1.2874334696680307	0.41875	
iter	1810	1.3921080846339464	0.43125	1.3453346900641918	0.42499999999999993	
iter	1820	1.2880182694643736	0.45625000000000004	1.3359826542437077	0.4312499999999999	
iter	1830	1.249389449134469	0.5	1.2683571241796017	0.48124999999999996	
iter	1840	1.2524104826152325	0.5	1.1584825050085783	0.5437500000000001	
iter	1850	1.291459135711193	0.45	1.505444360896945	0.35625000000000007	
iter	1860	1.3855654317885637	0.4250000000000001	1.4176438059657812	0.43749999999999994	
iter	1870	1.360828811302781	0.41874999999999996	1.2899385057389736	0.45625	
iter	1880	1.297106159850955	0.46249999999999997	1.4010122995823622	0.4125	
iter	1890	1.3084111027419567	0.41874999999999996	1.3124566972255707	0.45	
iter	1900	1.2537020593881607	0.4812500000000001	1.3466760106384754	0.45624999999999993	
iter	1910	1.2265679948031902	0.475	1.323976157233119	0.49999999999999994	
iter	1920	1.2459078188985586	0.5000000000000001	1.4191601630300283	0.40624999999999983	
iter	1930	1.2833484392613173	0.48125000000000007	1.38014729693532	0.41875	
iter	1940	1.3155664131045341	0.41875	1.291435595601797	0.5125	
iter	1950	1.2234217766672373	0.5375	1.2692075334489346	0.45625000000000004	
iter	1960	1.2548975255340338	0.4812499999999999	1.2499192571267486	0.5125000000000001	
iter	1970	1.302561903372407	0.44375	1.3852882031351328	0.41250000000000003	
iter	1980	1.4088393356651068	0.38749999999999996	1.3381102588027716	0.45	
iter	1990	1.255192780867219	0.45625000000000004	1.388074867427349	0.41250000000000003	
iter	2000	1.2346474081277847	0.48749999999999993	1.3059069514274597	0.43124999999999997	
iter	2010	1.206352086737752	0.51875	1.4798024278134108	0.4437500000000001	
iter	2020	1.3866367358714342	0.44375	1.2897250056266785	0.4624999999999999	
iter	2030	1.2773454878479242	0.45625	1.4080835487693548	0.41874999999999996	
iter	2040	1.3062837738543749	0.45625	1.3602846721187234	0.4375	
iter	2050	1.2408061623573303	0.5000000000000001	1.2767822816967964	0.45624999999999993	
iter	2060	1.2852978184819221	0.48125000000000007	1.3447602856904268	0.38750000000000007	
iter	2070	1.2240746766328812	0.5562500000000001	1.3570178337395191	0.43750000000000006	
iter	2080	1.2699238564819098	0.4875	1.3058190532028675	0.4937499999999999	
iter	2090	1.3040113057941198	0.4	1.3015860226005316	0.4625	
iter	2100	1.2190435621887445	0.4875	1.2832816522568464	0.44375	
iter	2110	1.2380876652896404	0.50625	1.1825408954173326	0.50625	
iter	2120	1.2255434468388557	0.4937500000000001	1.2690976094454527	0.47500000000000003	
iter	2130	1.3737159874290228	0.4062500000000001	1.4058573972433805	0.3875	
iter	2140	1.3461834285408258	0.4375000000000001	1.3709676526486874	0.43124999999999997	
iter	2150	1.2870073914527893	0.5125000000000002	1.3677216786891222	0.39375000000000004	
iter	2160	1.225334506481886	0.4749999999999999	1.3674161229282618	0.36875	
iter	2170	1.280929584056139	0.4937499999999999	1.406225273385644	0.44374999999999987	
iter	2180	1.234086588025093	0.49374999999999997	1.3845405131578445	0.43125	
iter	2190	1.1948841977864504	0.5312499999999999	1.3104879781603813	0.4125	
iter	2200	1.2631515450775623	0.4437499999999999	1.3380551263689995	0.41875	
iter	2210	1.246780652552843	0.48750000000000004	1.356353722512722	0.45624999999999993	
iter	2220	1.234045285731554	0.48749999999999993	1.4397606793791056	0.41875	
iter	2230	1.2428730316460133	0.475	1.3138476982712746	0.4375	
iter	2240	1.3537295181304216	0.43125	1.3461106717586517	0.4875	
iter	2250	1.271950863301754	0.4562500000000001	1.3331031892448664	0.44375000000000003	
iter	2260	1.2463279999792576	0.46875	1.2774558272212744	0.45	
iter	2270	1.1535249333828688	0.5062499999999999	1.1832887902855873	0.5249999999999999	
iter	2280	1.2261176090687513	0.46249999999999997	1.3887048624455929	0.44999999999999996	
iter	2290	1.2442669477313757	0.5062500000000001	1.2792798522859812	0.48125000000000007	
iter	2300	1.2729774955660105	0.46875000000000006	1.4618031177669764	0.4812500000000002	
iter	2310	1.1594132985919714	0.525	1.2365774158388376	0.42500000000000004	
iter	2320	1.2932246532291174	0.48124999999999996	1.2664883807301521	0.45624999999999993	
iter	2330	1.2758361734449863	0.45625	1.2464415663853288	0.4875	
iter	2340	1.109638625755906	0.5812500000000002	1.2121562361717224	0.4937499999999999	
iter	2350	1.2226603887975216	0.49375	1.4034637873992324	0.44375	
iter	2360	1.314032381400466	0.45625000000000004	1.3779370561242104	0.4437499999999999	
iter	2370	1.135305143892765	0.5312499999999999	1.3096764367073774	0.45	
iter	2380	1.2149456404149532	0.5187499999999999	1.3532190714031458	0.40625	
iter	2390	1.2474731598049402	0.49999999999999994	1.3767983727157116	0.3874999999999999	
iter	2400	1.2220780197530985	0.54375	1.308894257992506	0.4812499999999999	
iter	2410	1.1642266977578402	0.5375	1.4482767581939697	0.4125000000000001	
iter	2420	1.0879603773355484	0.5562499999999999	1.4632196892052889	0.41875	
iter	2430	1.1443031784147024	0.50625	1.237793117761612	0.49999999999999994	
iter	2440	1.3040106296539307	0.43750000000000006	1.3009354919195175	0.4125000000000001	
iter	2450	1.1994215343147516	0.525	1.2121902350336313	0.48125000000000007	
iter	2460	1.31072386354208	0.45624999999999993	1.3642029911279678	0.42500000000000016	
iter	2470	1.2062628511339426	0.4249999999999999	1.3705761041492224	0.42500000000000004	
iter	2480	1.2776303961873055	0.45625000000000004	1.4743324546143413	0.39375000000000004	
iter	2490	1.2327532004565	0.5125000000000002	1.4436761103570461	0.44375000000000014	
iter	2500	1.2365307360887527	0.4812499999999999	1.355999929830432	0.4750000000000001	
iter	2510	1.3088234215974808	0.4437499999999998	1.4671392049640417	0.3874999999999999	
iter	2520	1.2373088216409087	0.4875	1.3422963693737984	0.44375000000000003	
iter	2530	1.1779554672539234	0.5687500000000001	1.3597201518714428	0.4687499999999999	
iter	2540	1.2186908107250929	0.45624999999999993	1.3829018119722605	0.44375	
iter	2550	1.2176669500768185	0.49374999999999997	1.3247379902750254	0.45624999999999993	
iter	2560	1.2057907041162252	0.50625	1.3297695741057396	0.4125	
iter	2570	1.2185776643455029	0.4999999999999999	1.311759289354086	0.48749999999999993	
iter	2580	1.2902572266757488	0.475	1.2803832609206438	0.43750000000000006	
iter	2590	1.1639793999493122	0.54375	1.349294688552618	0.39375000000000004	
iter	2600	1.2670023553073406	0.4625	1.3467702455818653	0.5125	
iter	2610	1.2652129670605063	0.4562499999999999	1.225165069103241	0.53125	
iter	2620	1.264418262988329	0.47500000000000003	1.407912002876401	0.425	
iter	2630	1.2284934716299176	0.50625	1.2332278341054916	0.5062499999999999	
iter	2640	1.2129312064498663	0.4875	1.3284631986171007	0.5	
iter	2650	1.2237802762538195	0.5249999999999999	1.3993674460798502	0.4312500000000001	
iter	2660	1.3198433257639408	0.45625	1.440963150933385	0.41249999999999987	
iter	2670	1.2507355362176895	0.48125000000000007	1.3353326749056578	0.38749999999999996	
iter	2680	1.1915905326604843	0.50625	1.3946828860789537	0.44375000000000003	
iter	2690	1.2855946384370327	0.5	1.1449055941775441	0.5750000000000001	
iter	2700	1.195913216099143	0.5312499999999999	1.3028962444514036	0.44375000000000003	
iter	2710	1.2657910902053118	0.45625	1.388770017772913	0.45000000000000007	
iter	2720	1.2585296630859375	0.48125000000000007	1.3304659612476826	0.49375000000000013	
iter	2730	1.138608567416668	0.5187499999999999	1.3672245759516954	0.47500000000000003	
iter	2740	1.2216653376817703	0.5062500000000001	1.4154960606247187	0.425	
iter	2750	1.2468410935252905	0.4312499999999999	1.223912819288671	0.5437500000000001	
iter	2760	1.2684116028249264	0.4875000000000001	1.4162361789494753	0.45625	
iter	2770	1.1951109915971756	0.53125	1.4679867215454578	0.38750000000000007	
iter	2780	1.2311653196811676	0.50625	1.3611488323658705	0.44999999999999996	
iter	2790	1.3531935028731823	0.41875000000000007	1.3453510608524084	0.45624999999999993	
iter	2800	1.2550660818815231	0.50625	1.2226056214421988	0.46249999999999997	
iter	2810	1.1820066394284368	0.5374999999999999	1.3190117608755827	0.45000000000000007	
iter	2820	1.1791042815893888	0.5375	1.26371468603611	0.4750000000000001	
iter	2830	1.1930445451289415	0.49375	1.203980553895235	0.46874999999999994	
iter	2840	1.1585951875895262	0.5250000000000001	1.2764200698584318	0.4875000000000001	
iter	2850	1.1141954883933067	0.5937500000000001	1.463944274932146	0.46874999999999994	
iter	2860	1.3081402331590652	0.43750000000000006	1.2665451727807522	0.43750000000000006	
iter	2870	1.0863482505083084	0.5625	1.2424081023782492	0.46875	
iter	2880	1.209431828930974	0.4875	1.2510391101241112	0.46875	
iter	2890	1.24650364741683	0.525	1.302035378292203	0.48125	
iter	2900	1.1210916545242071	0.5562499999999998	1.1881974413990974	0.5125000000000001	
iter	2910	1.2276677619665861	0.5187499999999999	1.3157070623710752	0.44375	
iter	2920	1.283208729699254	0.45000000000000007	1.3104828828945756	0.4437499999999999	
iter	2930	1.1384569071233273	0.5	1.213119575753808	0.5312500000000001	
iter	2940	1.1352481953799725	0.5624999999999999	1.2307646423578262	0.48750000000000004	
iter	2950	1.279912019148469	0.39999999999999997	1.2223419211804867	0.5	
iter	2960	1.225202888250351	0.5312500000000001	1.2592744752764702	0.4750000000000001	
iter	2970	1.1425890307873487	0.55	1.272336533293128	0.49375000000000013	
iter	2980	1.2364117857068777	0.46875000000000006	1.2452897299081087	0.47499999999999987	
iter	2990	1.2606409955769777	0.475	1.2985411193221807	0.48124999999999996	
iter	3000	1.082323046401143	0.59375	1.2939901575446129	0.4687499999999999	
iter	3010	1.1583276744931936	0.5687500000000001	1.2492375168949366	0.48125000000000007	
iter	3020	1.2225803323090076	0.48749999999999993	1.4244525823742151	0.38125	
iter	3030	1.3103081993758678	0.45000000000000007	1.3355412911623716	0.5125	
iter	3040	1.2122953925281763	0.4875	1.3928477801382542	0.43750000000000006	
iter	3050	1.1006320603191853	0.5625	1.2680671429261565	0.43125	
iter	3060	1.1774374824017286	0.5625	1.2709419382736087	0.46249999999999997	
iter	3070	1.1851419396698475	0.53125	1.3439631927758455	0.4125	
iter	3080	1.2953489571809769	0.4749999999999999	1.3746781880035996	0.4249999999999998	
iter	3090	1.1661306396126747	0.49374999999999997	1.1616050293669105	0.5125000000000001	
iter	3100	1.275050725787878	0.49374999999999997	1.2993788104504347	0.4625	
iter	3110	1.1216516848653555	0.5750000000000001	1.3231315575540066	0.4375	
iter	3120	1.0294250883162022	0.58125	1.2158495616167784	0.5437500000000001	
iter	3130	1.178937342017889	0.475	1.3065067678689957	0.43125	
iter	3140	1.1414462551474571	0.5375	1.322575632482767	0.4625	
iter	3150	1.2506223618984222	0.5125	1.366540489718318	0.4124999999999999	
iter	3160	1.1965303737670183	0.53125	1.3725327588617802	0.45625000000000004	
iter	3170	1.1245869286358356	0.55	1.3553964756429195	0.44375000000000003	
iter	3180	1.2242760490626097	0.4437500000000001	1.3030762020498514	0.4250000000000001	
iter	3190	1.1269386485219002	0.54375	1.1975116077810526	0.5249999999999999	
iter	3200	1.1712056575343013	0.53125	1.3264008183032274	0.46875000000000006	
iter	3210	1.1597164534032345	0.5437500000000001	1.319531025364995	0.44375	
iter	3220	1.205411797389388	0.48750000000000016	1.2713289987295866	0.5	
iter	3230	1.128385872580111	0.58125	1.1694980207830667	0.51875	
iter	3240	1.117817579768598	0.53125	1.1589965373277664	0.5687500000000002	
iter	3250	1.1372319664806128	0.5374999999999998	1.3048522379249334	0.5	
iter	3260	1.2920819278806448	0.48750000000000004	1.2769760098308325	0.4687499999999999	
iter	3270	1.2178150229156017	0.48124999999999984	1.304801907390356	0.4375	
iter	3280	1.2249272111803293	0.41875000000000007	1.3098394386470318	0.4499999999999999	
iter	3290	1.1712892223149538	0.5312500000000001	1.2902550678700209	0.43750000000000006	
iter	3300	1.1308062113821507	0.54375	1.3320994097739458	0.48750000000000004	
iter	3310	1.0440551321953535	0.6062500000000001	1.363638823851943	0.4250000000000001	
iter	3320	1.148976519703865	0.54375	1.221015015617013	0.5187500000000002	
iter	3330	1.0570438541471958	0.5812499999999999	1.1503986809402704	0.5750000000000002	
iter	3340	1.0799896381795406	0.5875000000000001	1.2286793943494558	0.47500000000000003	
iter	3350	1.1390056516975164	0.525	1.4768692068755627	0.41875	
iter	3360	1.1402699975296855	0.5750000000000002	1.2272523455321789	0.5	
iter	3370	1.1813204772770405	0.5187499999999998	1.3164266273379326	0.49375	
iter	3380	1.121060073375702	0.55625	1.3141881078481674	0.47500000000000003	
iter	3390	1.2523974180221558	0.46875	1.2631801785901189	0.4625	
iter	3400	1.0835278667509556	0.6000000000000001	1.1854212749749422	0.5062500000000001	
iter	3410	1.1916641928255558	0.5187499999999999	1.3017715960741043	0.45625	
iter	3420	1.2463887948542833	0.4750000000000001	1.2645646687597036	0.4812499999999999	
iter	3430	1.3136035967618227	0.4999999999999999	1.434595137834549	0.4375	
iter	3440	1.042449377477169	0.5375000000000001	1.3294011149555445	0.45	
iter	3450	1.1018631290644407	0.51875	1.1849579103291035	0.5125	
iter	3460	1.1485713087022305	0.5375	1.1801711674779654	0.5375	
iter	3470	1.0904510878026485	0.5437499999999998	1.3434566725045443	0.4875	
iter	3480	1.0960780680179596	0.5687500000000001	1.2609096840023994	0.46875	
iter	3490	1.186177771538496	0.4875000000000001	1.081538276746869	0.5749999999999998	
iter	3500	1.2199707422405481	0.4874999999999999	1.3547328868880868	0.425	
iter	3510	1.206839695572853	0.5312500000000001	1.3671620842069387	0.4625	
iter	3520	1.13898915797472	0.50625	1.362884876318276	0.4187500000000001	
iter	3530	1.07355741225183	0.55625	1.2509149517863989	0.51875	
iter	3540	1.210315903648734	0.53125	1.2429030500352383	0.4875	
iter	3550	1.1929896418005228	0.4937500000000001	1.448174050077796	0.4749999999999999	
iter	3560	1.0945505956187844	0.58125	1.3355956859886646	0.5125	
iter	3570	1.0847774520516396	0.5625000000000001	1.2271653413772583	0.48125000000000007	
iter	3580	1.0733458558097482	0.5687500000000001	1.2899296935647726	0.4937500000000001	
iter	3590	1.2022113129496574	0.525	1.1575621580705047	0.5062500000000001	
iter	3600	1.0899990629404783	0.55	1.3481270745396614	0.48125	
iter	3610	1.0581297408789396	0.5437500000000001	1.2710140496492386	0.49999999999999994	
iter	3620	1.197347465902567	0.5187499999999999	1.3850058242678642	0.44375000000000003	
iter	3630	1.1063884645700455	0.5249999999999999	1.2514954824000597	0.41875000000000007	
iter	3640	1.1712605524808168	0.5125	1.2511177361011505	0.4437499999999998	
iter	3650	1.2239209301769733	0.44999999999999996	1.1653695609420538	0.5437500000000001	
iter	3660	1.1294690556824207	0.5062500000000001	1.3646585568785667	0.4312499999999998	
iter	3670	1.1330495942384005	0.5625000000000001	1.2278940863907337	0.48749999999999993	
iter	3680	1.06840705499053	0.5374999999999999	1.0946221482008696	0.5625	
iter	3690	1.1697511244565248	0.5125000000000001	1.200659672729671	0.49374999999999997	
iter	3700	1.1266482677310705	0.5125000000000001	1.2405954040586948	0.51875	
iter	3710	1.1656457632780075	0.5062499999999999	1.142134739086032	0.55	
iter	3720	1.151392680592835	0.5375	1.283014265820384	0.4312499999999999	
iter	3730	1.127522929571569	0.5187499999999999	1.2854037918150425	0.5062500000000001	
iter	3740	1.0884018801152706	0.59375	1.2139395754784346	0.50625	
iter	3750	1.080092467367649	0.54375	1.2129402346909046	0.5124999999999998	
iter	3760	1.085699724033475	0.5562499999999999	1.247686194255948	0.5125000000000001	
iter	3770	1.1617583679035306	0.53125	1.2211845554411411	0.49374999999999997	
iter	3780	1.0863799769431353	0.5249999999999999	1.3009761031717062	0.5125000000000001	
iter	3790	1.1953423954546452	0.5062500000000001	1.2508300375193357	0.50625	
iter	3800	1.0462806429713964	0.58125	1.3362041227519512	0.45	
iter	3810	1.010435402393341	0.6250000000000001	1.3220080900937319	0.44375	
iter	3820	1.1105818804353476	0.5250000000000001	1.3399046640843153	0.5125	
iter	3830	1.073438079096377	0.55625	1.2816608343273401	0.4687500000000001	
iter	3840	1.185478014871478	0.5562499999999999	1.2306277202442288	0.46875000000000006	
iter	3850	1.137144597247243	0.55625	1.2174860760569572	0.5125	
iter	3860	1.0920497411862016	0.56875	1.3476897068321705	0.475	
iter	3870	1.221303690224886	0.4437499999999999	1.3199727032333612	0.42499999999999993	
iter	3880	0.9655128996819258	0.6562500000000001	1.1814189162105322	0.5625	
iter	3890	1.1286301957443357	0.525	1.2682626713067293	0.47499999999999987	
iter	3900	1.2702606674283743	0.46875000000000006	1.1850184760987759	0.5249999999999999	
iter	3910	1.1392805334180593	0.5187499999999999	1.307231469079852	0.48749999999999993	
iter	3920	1.021153848618269	0.6	1.398102169856429	0.40625	
iter	3930	1.0968307964503765	0.54375	1.2064164113253355	0.5312500000000002	
iter	3940	1.2879356630146503	0.4312500000000001	1.196081630885601	0.4812499999999999	
iter	3950	1.1564455507323146	0.5312500000000001	1.2771887928247452	0.5	
iter	3960	1.0999828726053238	0.56875	1.378627449274063	0.4624999999999999	
iter	3970	1.107752882875502	0.525	1.3023106306791306	0.4125	
iter	3980	1.076178127899766	0.5437500000000001	1.2806140296161175	0.48750000000000004	
iter	3990	1.1507887076586485	0.53125	1.4041649140417576	0.4625000000000001	
iter	4000	1.1044593434780836	0.58125	1.1483151204884052	0.5249999999999999	
iter	4010	1.132101533934474	0.5812500000000002	1.3719393033534288	0.4624999999999999	
iter	4020	1.115467233583331	0.55	1.1996106319129467	0.5125	
iter	4030	1.0692456401884556	0.5750000000000001	1.4002921041101217	0.48125000000000007	
iter	4040	1.2394112888723612	0.5125	1.3486450854688883	0.42500000000000004	
iter	4050	1.145357210189104	0.55625	1.3123937901109457	0.42499999999999993	
iter	4060	1.195417046546936	0.5062500000000001	1.1286613624542952	0.4937499999999999	
iter	4070	1.1109787207096815	0.55	1.2091254983097315	0.54375	
iter	4080	1.129620624706149	0.5562499999999999	1.3700504712760448	0.46874999999999994	
iter	4090	1.0500717796385288	0.5937500000000002	1.2523009404540062	0.49999999999999994	
iter	4100	1.0317894257605076	0.5875000000000001	1.3157472424209118	0.48125	
iter	4110	1.0551156653091311	0.5750000000000001	1.2071307245641947	0.5124999999999998	
iter	4120	1.1105919806286693	0.5312500000000001	1.2639618124812841	0.5	
iter	4130	1.133853005245328	0.55625	1.380974568426609	0.41874999999999996	
iter	4140	1.0554561093449593	0.5624999999999999	1.3660006131976843	0.45625000000000004	
iter	4150	1.0466641169041395	0.575	1.28664855286479	0.4937499999999999	
iter	4160	1.0332836443558335	0.5875000000000001	1.1257646214216948	0.5375	
iter	4170	1.1463836170732975	0.5000000000000001	1.403529828414321	0.41875000000000007	
iter	4180	1.1414810605347157	0.55625	1.3081610221415758	0.4749999999999999	
iter	4190	0.9740645997226238	0.6437500000000002	1.3045130018144846	0.5062500000000001	
iter	4200	1.1274816449731588	0.5187499999999999	1.2489712908864021	0.45000000000000007	
iter	4210	1.0539334369823337	0.59375	1.134895491413772	0.51875	
iter	4220	1.2185984309762716	0.49375000000000013	1.3606130927801132	0.43750000000000006	
iter	4230	1.0687816068530083	0.5875	1.2715291725471616	0.47500000000000003	
iter	4240	1.035326125100255	0.59375	1.1603758092969656	0.5187499999999999	
iter	4250	1.0778507813811302	0.5750000000000001	1.4046648927032948	0.4875000000000001	
iter	4260	1.2476549129933119	0.5312499999999999	1.0777222402393818	0.53125	
iter	4270	1.0804137093946338	0.5312499999999999	1.2600730080157518	0.4874999999999999	
iter	4280	1.087936614640057	0.56875	1.2003413019701838	0.48749999999999993	
iter	4290	1.0199940633028746	0.5687500000000001	1.2823550570756197	0.5000000000000001	
iter	4300	1.109896708279848	0.5937500000000001	1.334296377375722	0.46874999999999994	
iter	4310	1.1151278112083673	0.5625	1.1522061191499233	0.5125000000000001	
iter	4320	1.1578751672059298	0.5437500000000001	1.381988139823079	0.44375000000000003	
iter	4330	1.1140870321542025	0.6187500000000001	1.2718813959509134	0.48749999999999993	
iter	4340	1.0803212374448776	0.58125	1.3449817271903157	0.46249999999999986	
iter	4350	1.0367309469729662	0.6250000000000001	1.3878807798027992	0.48750000000000004	
iter	4360	1.03593691252172	0.5937499999999999	1.2956217266619205	0.5125	
iter	4370	1.0970616545528173	0.58125	1.2915433123707771	0.48125	
iter	4380	1.077019289135933	0.59375	1.3658384568989277	0.46875000000000006	
iter	4390	1.0755683295428753	0.5625000000000001	1.2837730646133423	0.49999999999999994	
iter	4400	0.9281334867700934	0.5937500000000001	1.190840082243085	0.48125	
iter	4410	1.1094132671132684	0.5875000000000001	1.3032411504536867	0.4937499999999999	
iter	4420	1.1257879361510277	0.46875	1.2979441937059164	0.46250000000000013	
iter	4430	1.08663469273597	0.5625000000000002	1.2348251827061176	0.4937500000000001	
iter	4440	1.1527622994035482	0.53125	1.1868347097188234	0.51875	
iter	4450	1.0180136244744062	0.5437500000000001	1.206740653142333	0.4749999999999998	
iter	4460	1.0235573621466756	0.6250000000000002	1.2099503530189395	0.4875	
iter	4470	1.0779920993372798	0.5625	1.1751423832029104	0.5687500000000001	
iter	4480	0.9839533092454076	0.6062500000000002	1.3297257646918297	0.47500000000000003	
iter	4490	1.2077546436339617	0.49375	1.3284928146749735	0.48124999999999996	
iter	4500	1.1683704853057861	0.5	1.3883687630295753	0.4625000000000001	
iter	4510	1.2168579958379269	0.5437500000000001	1.2166614644229412	0.44375000000000003	
iter	4520	1.139216685667634	0.5000000000000002	1.200911252759397	0.5249999999999998	
iter	4530	0.9815663248300552	0.6125	1.3125339914113283	0.45	
iter	4540	1.008703749626875	0.5937500000000002	1.327431010082364	0.5062500000000001	
iter	4550	1.0974274473264813	0.5375	1.1588316587731242	0.53125	
iter	4560	1.0944823324680328	0.5187500000000002	1.303966287523508	0.4937500000000001	
iter	4570	1.1416735220700502	0.5562499999999998	1.3054440394043922	0.50625	
iter	4580	1.1353839514777064	0.54375	1.323581799864769	0.45000000000000007	
iter	4590	1.0099660865962505	0.5937500000000002	1.0987568646669388	0.5750000000000003	
iter	4600	1.0721800858154893	0.5625	1.2667976692318916	0.5	
iter	4610	1.1430299784988165	0.5	1.2961159907281399	0.5187499999999999	
iter	4620	1.1520303124561906	0.5375	1.3399411756545305	0.46875	
iter	4630	1.1072362139821053	0.525	1.2393530160188675	0.4874999999999999	
iter	4640	1.10920718498528	0.5812500000000002	1.2747142324224114	0.4875	
iter	4650	1.1117710815742612	0.5625	1.364365790039301	0.4562499999999999	
iter	4660	1.1104553434997797	0.5625	1.3019876312464476	0.4625000000000001	
iter	4670	1.0101184975355864	0.61875	1.2709565814584494	0.47500000000000003	
iter	4680	1.1377128949388862	0.55625	1.4121794626116753	0.4187500000000001	
iter	4690	1.2104071341454983	0.5312500000000001	1.2483574654906988	0.4937500000000001	
iter	4700	1.025086510926485	0.59375	1.2870146054774523	0.4749999999999999	
iter	4710	1.016122119501233	0.5875000000000002	1.3104270584881306	0.50625	
iter	4720	1.1307754330337048	0.53125	1.2913641221821308	0.46875000000000006	
iter	4730	1.1120385099202394	0.5687500000000001	1.2222815211862326	0.46874999999999994	
iter	4740	0.9633823437616229	0.6000000000000001	1.183908624574542	0.45000000000000007	
iter	4750	0.9959081532433629	0.625	1.2542463215067983	0.4875	
iter	4760	1.0429880702868104	0.5812499999999999	1.2223165147006512	0.525	
iter	4770	1.014325737953186	0.5875	1.2208925653249025	0.46249999999999997	
iter	4780	1.0348123088479042	0.5625	1.2656827177852392	0.50625	
iter	4790	0.9864117400720716	0.6187500000000001	1.2265314646065235	0.525	
iter	4800	1.0688029015436769	0.5750000000000002	1.2525906302034855	0.47499999999999987	
iter	4810	1.130108818411827	0.54375	1.2999954298138618	0.43124999999999997	
iter	4820	1.1590451952069998	0.5125000000000001	1.3158698864281178	0.4937500000000001	
iter	4830	1.0164940068498254	0.6000000000000001	1.211072820238769	0.5625000000000001	
iter	4840	1.1296950206160545	0.5625	1.1572243282571435	0.5499999999999999	
iter	4850	0.9169741133227944	0.6437499999999999	1.3426782991737127	0.41874999999999996	
iter	4860	0.981899636797607	0.59375	1.2988336440175772	0.4812499999999999	
iter	4870	1.05702562071383	0.5499999999999999	1.186880168505013	0.5187499999999998	
iter	4880	1.0258120354264975	0.6	1.2210649531334639	0.5125000000000001	
iter	4890	1.0367103265598416	0.5687500000000001	1.1559900352731347	0.5812499999999999	
iter	4900	0.9630247317254543	0.6125000000000002	1.250454580411315	0.5249999999999999	
iter	4910	1.0046925274655223	0.6062500000000001	1.3777866456657648	0.46874999999999994	
iter	4920	1.0754688754677773	0.5750000000000002	1.3147117961198092	0.46249999999999997	
iter	4930	1.0604913169518113	0.5562500000000001	1.3616752764210105	0.41874999999999984	
iter	4940	1.1014196705073118	0.5375000000000001	1.0755742136389017	0.6187500000000001	
iter	4950	0.9969080416485667	0.59375	1.364783987402916	0.4625	
iter	4960	0.9057529624551535	0.6437500000000002	1.2458792738616467	0.5375000000000001	
iter	4970	1.2383581977337599	0.4812499999999999	1.3404921274632215	0.45	
iter	4980	1.0746477879583836	0.5937499999999998	1.3018942158669233	0.48124999999999996	
iter	4990	1.0652865767478943	0.5687500000000002	1.5329399015754461	0.35625	
iter	5000	1.0371555015444756	0.55	1.356627032160759	0.41249999999999987	
iter	5010	0.9868206065148115	0.5875	1.3294185791164637	0.47500000000000003	
iter	5020	1.0126835629343987	0.5874999999999999	1.205457679927349	0.4937499999999999	
iter	5030	1.0400620587170124	0.5812500000000003	1.2847352344542742	0.5312500000000001	
iter	5040	0.976674884557724	0.60625	1.2444270085543394	0.5125	
iter	5050	1.1205530799925327	0.5562499999999999	1.2735745795071125	0.45624999999999993	
iter	5060	1.0736701115965843	0.5750000000000001	1.2467285748571157	0.46874999999999994	
iter	5070	1.0884302062913775	0.5624999999999999	1.2123953131958842	0.5375000000000001	
iter	5080	1.0514341546222568	0.6125	1.3423810321837664	0.42499999999999993	
iter	5090	1.0045854225754738	0.59375	1.077016083523631	0.5750000000000001	
iter	5100	1.0260156020522118	0.5875000000000001	1.1704579535871744	0.5375	
iter	5110	1.1406368035823107	0.5625000000000001	1.1567911943420768	0.5375	
iter	5120	1.1270878035575151	0.5312500000000001	1.2335190726444125	0.4624999999999998	
iter	5130	1.1010925332084298	0.56875	1.207378065213561	0.49374999999999997	
iter	5140	1.1172364670783281	0.5625	1.2280238904058933	0.4875	
iter	5150	1.1371963676065207	0.5624999999999999	1.1606490463018417	0.54375	
iter	5160	1.228994632139802	0.4874999999999998	1.2781985066831112	0.5125000000000001	
iter	5170	1.0265082567930222	0.575	1.3490496072918177	0.45625	
iter	5180	1.1946967262774706	0.4687500000000001	1.3395917862653732	0.44374999999999987	
iter	5190	0.9867128515616059	0.5812500000000002	1.437096817418933	0.4437500000000001	
iter	5200	1.0454494431614876	0.5875	1.2553963493555784	0.5249999999999999	
iter	5210	1.03123979549855	0.6249999999999999	1.3502723760902882	0.48125	
iter	5220	1.0101501075550914	0.6125000000000002	1.187705117277801	0.5562499999999999	
iter	5230	1.0028903782367706	0.6062500000000001	1.1808592611923814	0.51875	
iter	5240	1.0216631516814232	0.59375	1.1856317352503538	0.54375	
iter	5250	1.118760859593749	0.5375000000000001	1.089284180663526	0.5375	
iter	5260	1.171752067282796	0.5687499999999999	1.314656076952815	0.4874999999999998	
iter	5270	1.004039186052978	0.6062500000000002	1.1331200394779444	0.5562499999999999	
iter	5280	1.005243206396699	0.6	1.200572408735752	0.5375	
iter	5290	1.0734116667881608	0.59375	1.1317626237869263	0.5499999999999999	
iter	5300	0.9366112742573023	0.6312500000000001	1.2372755156829953	0.48125	
iter	5310	1.0494906893000007	0.58125	1.1549789104610682	0.54375	
iter	5320	0.9835315132513642	0.6250000000000001	1.2183580063283443	0.5437500000000001	
iter	5330	0.9368257960304618	0.6312500000000001	1.326159555464983	0.46875	
iter	5340	1.0148698249831796	0.59375	1.214374627918005	0.49374999999999997	
iter	5350	0.9679341688752174	0.6437500000000002	1.2664337269961834	0.5125000000000001	
iter	5360	1.076712436042726	0.6000000000000002	1.2168621458113194	0.5125	
iter	5370	0.9143843846395612	0.6312500000000001	1.2446255339309573	0.48125000000000007	
iter	5380	0.9766290048137307	0.6062500000000001	1.3201920092105865	0.41875000000000007	
iter	5390	0.9868528917431831	0.6187500000000001	1.2225583847612143	0.48749999999999993	
iter	5400	1.0167186623439193	0.6250000000000002	1.1940255984663963	0.5562500000000001	
iter	5410	0.9803497768007219	0.625	1.3286709301173687	0.48750000000000004	
iter	5420	1.0236108377575874	0.5625000000000001	1.240904820151627	0.5125	
iter	5430	0.9660178078338504	0.6250000000000001	1.237156161107123	0.50625	
iter	5440	1.0293841157108545	0.5875	1.3182665910571814	0.5000000000000001	
iter	5450	1.0078452788293362	0.6312500000000001	1.3220984898507595	0.475	
iter	5460	0.9774745116010308	0.6437500000000003	1.2075467873364687	0.5374999999999999	
iter	5470	1.105493038892746	0.55	1.1773104891180992	0.5062499999999999	
iter	5480	1.1073411721736193	0.5625	1.1467391876503825	0.5437500000000001	
iter	5490	1.1109134405851364	0.5312499999999999	1.2794431922957301	0.4937499999999999	
iter	5500	1.0754860797896981	0.5625	1.3346864636987448	0.48750000000000004	
iter	5510	0.9647658560425043	0.6187499999999999	1.2706019822508097	0.4312500000000001	
iter	5520	1.0537634836509824	0.6125000000000003	1.192822297103703	0.5375	
iter	5530	0.9875106494873762	0.5812499999999999	1.1870905626565218	0.4937500000000001	
iter	5540	1.1011168574914336	0.5249999999999999	1.2444627415388823	0.4624999999999999	
iter	5550	1.1294244593009353	0.5312500000000001	1.2168081793934107	0.5437500000000001	
iter	5560	0.911372316069901	0.6625000000000002	1.2979737175628543	0.42500000000000004	
iter	5570	1.089318260550499	0.5499999999999999	1.4602304492145777	0.41875	
iter	5580	1.1632945192977786	0.45000000000000007	1.267013356089592	0.5000000000000001	
iter	5590	1.0915751568973064	0.5625	1.3145929714664817	0.4875000000000001	
iter	5600	1.0335664860904217	0.5562499999999999	1.2090682378038764	0.5437500000000001	
iter	5610	1.0066867675632238	0.6125	1.2020142525434494	0.48124999999999996	
iter	5620	0.9750008340924978	0.6062500000000001	1.359487702138722	0.51875	
iter	5630	1.0503064030781388	0.61875	1.1804498489946127	0.50625	
iter	5640	0.9714786531403661	0.56875	1.3849946074187756	0.46249999999999997	
iter	5650	0.8873544381931424	0.6562500000000003	1.2566785234957933	0.475	
iter	5660	1.0100128296762705	0.6062500000000002	1.2792131081223488	0.49374999999999997	
iter	5670	1.08190181478858	0.5874999999999998	1.2184338010847569	0.4999999999999999	
iter	5680	0.9978519771248102	0.59375	1.2593512833118439	0.4750000000000001	
iter	5690	0.9768559113144875	0.6062500000000001	1.3241626620292664	0.4562500000000001	
iter	5700	0.9875563587993383	0.6062500000000002	1.3999218493700027	0.4312499999999999	
iter	5710	1.0523646119982004	0.5250000000000001	1.214383321814239	0.5062500000000001	
iter	5720	1.1784567292779684	0.5312500000000001	1.1237272527068853	0.5249999999999999	
iter	5730	1.063382938504219	0.5875000000000001	1.2688526194542646	0.50625	
iter	5740	0.9810508862137794	0.625	1.3167440444231033	0.47500000000000003	
iter	5750	0.9883281718939543	0.6312500000000001	1.1549012130126357	0.6000000000000002	
iter	5760	1.0946713704615831	0.5875	1.1903468621894717	0.5125	
iter	5770	1.160684110596776	0.50625	1.3079909104853868	0.45625000000000004	
iter	5780	1.0007050316780806	0.60625	1.1546629937365651	0.47500000000000003	
iter	5790	1.0810238718986511	0.5312500000000001	1.203550610691309	0.5249999999999999	
iter	5800	0.9245799258351326	0.675	1.37739809602499	0.45000000000000007	
iter	5810	0.9753769747912884	0.5937500000000002	1.1172941494733095	0.54375	
iter	5820	1.01842899620533	0.5625000000000001	1.0887918882071972	0.5687500000000001	
iter	5830	1.2019280809909105	0.55625	1.4525819215923548	0.41875	
iter	5840	0.9529008846729994	0.5874999999999998	1.2537609934806824	0.5062500000000001	
iter	5850	1.1376697402447462	0.5375	1.236843996681273	0.4875000000000001	
iter	5860	1.1381642427295446	0.5375	1.2413751129060984	0.4625	
iter	5870	1.0565831884741783	0.5687500000000001	1.2403343617916107	0.49375	
iter	5880	1.050014621578157	0.6000000000000002	1.1732395505532622	0.48749999999999993	
iter	5890	1.04959902074188	0.58125	1.1522482670843601	0.5812500000000002	
iter	5900	0.9584450828842819	0.6375000000000003	1.3369509680196643	0.46249999999999997	
iter	5910	1.0721359923481941	0.5687499999999999	1.1222156351432204	0.54375	
iter	5920	0.9416255066171288	0.64375	1.3336931597441435	0.4687500000000001	
iter	5930	0.9382797693833709	0.6062500000000001	1.144091316498816	0.5312500000000001	
iter	5940	0.946711384691298	0.6625000000000001	1.2362640276551247	0.5	
iter	5950	1.0183861590921879	0.5687500000000001	1.2796065639704466	0.4875	
iter	5960	1.006256913766265	0.56875	1.287657393142581	0.50625	
iter	5970	0.8656571712344885	0.6812500000000001	1.1861687656491995	0.5125000000000001	
iter	5980	1.1074377298355103	0.55625	1.136469528079033	0.5249999999999999	
iter	5990	1.0633056359365582	0.56875	1.3223993554711342	0.45000000000000007	
iter	6000	1.0267504616640508	0.5750000000000001	1.1676525231450796	0.525	
iter	6010	0.9457760341465473	0.6250000000000001	1.4534838069230318	0.375	
iter	6020	1.1308464594185352	0.51875	1.1897828094661236	0.5562499999999999	
iter	6030	0.9803973380476236	0.6250000000000001	1.281862260773778	0.47500000000000003	
iter	6040	1.0473068645223975	0.5812500000000002	1.2165103051811457	0.475	
iter	6050	1.0909642539918423	0.56875	1.1572840930894017	0.50625	
iter	6060	0.9703023610636592	0.6187500000000001	1.39913722127676	0.4062499999999999	
iter	6070	1.0735484343022108	0.5374999999999999	1.2482214057818055	0.4750000000000001	
iter	6080	0.9763164566829801	0.625	1.1780568826943636	0.5187500000000002	
iter	6090	0.9510452328249812	0.58125	1.199096117168665	0.5062500000000001	
iter	6100	0.9893435696139932	0.5812500000000002	1.2017024252563715	0.49375	
iter	6110	0.9865158088505268	0.5750000000000001	1.3040238805115223	0.4812499999999999	
iter	6120	0.9483545133844018	0.5812500000000002	1.2081558173522353	0.5125	
iter	6130	0.9259057333692908	0.6375000000000002	1.29927933588624	0.47500000000000003	
iter	6140	1.0219643451273441	0.6250000000000002	1.3235623519867659	0.44375	
iter	6150	1.0373585857450962	0.575	1.2180756703019142	0.4937500000000001	
iter	6160	0.9955581650137901	0.5937500000000001	1.2399201765656471	0.50625	
iter	6170	0.9121317341923714	0.6312500000000002	1.1831338042393327	0.5062500000000001	
iter	6180	1.0467386925593019	0.5875000000000001	1.2755214162170887	0.45	
iter	6190	1.0210009356960654	0.6000000000000001	1.082596150226891	0.51875	
iter	6200	0.941176300868392	0.6437500000000002	1.3641803935170174	0.4437499999999999	
iter	6210	0.8966651484370232	0.6562500000000001	1.0814387388527393	0.5125000000000001	
iter	6220	0.9621490444988012	0.5937500000000001	1.2428129203617573	0.4562500000000001	
iter	6230	0.9597251638770103	0.6125	1.2765398370102048	0.48750000000000004	
iter	6240	1.0401863204315305	0.575	1.2048278832808137	0.4937499999999999	
iter	6250	1.0911132842302322	0.5625000000000002	1.2109887255355716	0.5437500000000002	
iter	6260	1.0194188803434372	0.5750000000000001	1.2659096205607057	0.475	
iter	6270	1.034437202848494	0.5687499999999999	1.2936167437583208	0.5	
iter	6280	0.9772895146161318	0.6249999999999999	1.080375062301755	0.5625000000000001	
iter	6290	0.999832826666534	0.5812500000000002	1.2181766163557768	0.50625	
iter	6300	1.0306171402335167	0.5812500000000002	1.2095734495669603	0.5062500000000001	
iter	6310	1.0073654036968946	0.5750000000000002	1.2483223667368293	0.5125	
iter	6320	1.0121939573436975	0.5562500000000001	1.3543163305148482	0.40625000000000006	
iter	6330	0.8524193419143558	0.6687500000000001	1.2785420827567577	0.44375000000000003	
iter	6340	1.073833130300045	0.5874999999999998	1.168012646958232	0.5375000000000001	
iter	6350	0.9997238544747233	0.6062500000000001	1.2196227014064789	0.5375	
iter	6360	0.9105144897475839	0.6875	1.1042956793680787	0.5625000000000001	
iter	6370	0.8918509678915143	0.6562500000000001	1.1527787316590548	0.5374999999999999	
iter	6380	1.1572737460955977	0.5375	1.3052761191502213	0.49375	
iter	6390	1.0166713017970324	0.6250000000000001	1.2631002850830555	0.45625	
iter	6400	1.0385543182492256	0.6000000000000003	1.1626116512343287	0.5125000000000001	
iter	6410	1.063674122095108	0.5750000000000001	1.150806368328631	0.55625	
iter	6420	0.9508202848955989	0.625	1.276583669707179	0.48749999999999993	
iter	6430	1.0195398889482021	0.59375	1.2460410092025995	0.475	
iter	6440	1.1019704546779394	0.53125	1.264603947289288	0.49374999999999997	
iter	6450	0.9752206038683653	0.6125000000000003	1.2771504716947675	0.48750000000000016	
iter	6460	1.0677923923358321	0.6062500000000001	1.146899737417698	0.525	
iter	6470	0.9996463749557734	0.5937500000000001	1.2469071503728628	0.475	
iter	6480	1.0313968425616622	0.5875000000000001	1.0361740998923779	0.5562500000000001	
iter	6490	0.9501225193962455	0.6000000000000001	1.2278403472155333	0.46875000000000006	
iter	6500	0.9734068131074309	0.6437500000000003	1.2732199486345053	0.44375	
iter	6510	1.0958274733275175	0.5750000000000001	1.228687196969986	0.46875000000000006	
iter	6520	0.9266748689115047	0.6500000000000002	1.3487820476293564	0.40625	
iter	6530	0.9091368643566966	0.6312500000000001	1.4572459626942873	0.43124999999999997	
iter	6540	0.945772091858089	0.6312500000000001	1.3090219274163246	0.4687500000000001	
iter	6550	1.0473447409458458	0.6062500000000001	1.3289545066654682	0.49375	
iter	6560	1.067995361983776	0.59375	1.3075175639241934	0.4624999999999999	
iter	6570	1.0745267905294895	0.5375	1.2069507855921984	0.475	
iter	6580	0.9992018518969417	0.5937500000000001	1.1946096057072282	0.4937500000000001	
iter	6590	1.0835787262767553	0.575	1.1695983558893204	0.5125000000000001	
iter	6600	0.9386373329907656	0.6312500000000001	1.1599074676632881	0.51875	
iter	6610	0.9154215501621366	0.6500000000000001	1.2136935628950596	0.5750000000000002	
iter	6620	0.9846527362242341	0.6375000000000001	1.2282861480489373	0.49375	
iter	6630	0.9560073111206293	0.63125	1.3947873264551163	0.48125	
iter	6640	1.045912403613329	0.5625	1.1607159096747637	0.54375	
iter	6650	0.9669277649372816	0.6312500000000001	1.2215903662145138	0.54375	
iter	6660	0.9807353736832738	0.65625	1.3074701018631458	0.475	
iter	6670	0.9306525955908	0.63125	1.1637651771306992	0.5625000000000001	
iter	6680	1.065531399101019	0.575	1.2757570669054985	0.4812500000000001	
iter	6690	0.9661910692229867	0.5875	1.2185644432902336	0.4375	
iter	6700	0.9099691426381469	0.6499999999999999	1.2113109175115824	0.49999999999999994	
iter	6710	1.0757552380673587	0.51875	1.3423631507903337	0.45	
iter	6720	0.9073593793436885	0.6437500000000002	1.2723413221538067	0.4999999999999999	
iter	6730	0.9300889223814011	0.6812500000000001	1.3533780574798584	0.4312499999999999	
iter	6740	0.9909985167905688	0.6125	1.2585123423486948	0.4875	
iter	6750	0.9766269363462925	0.6562500000000002	1.2017560414969921	0.4812499999999999	
iter	6760	1.0009298659861088	0.6125000000000002	1.27607546094805	0.49999999999999994	
iter	6770	1.0488136876374483	0.6125000000000002	1.215532349422574	0.525	
iter	6780	0.9823085758835077	0.575	1.2509089689701796	0.4875	
iter	6790	1.0553426686674356	0.56875	1.1702456222847104	0.54375	
iter	6800	1.068543610163033	0.5875	1.4036445459350944	0.45624999999999993	
iter	6810	0.9542611222714186	0.6062500000000002	1.2752374093979597	0.4875	
iter	6820	0.980129137635231	0.5687500000000001	1.233888030052185	0.44375000000000014	
iter	6830	1.1268559508025646	0.525	1.198236746713519	0.5312499999999999	
iter	6840	0.8943376783281565	0.6375000000000002	1.3552412651479244	0.46249999999999997	
iter	6850	1.0761637147516012	0.5375000000000002	1.0819895202293992	0.5750000000000001	
iter	6860	0.9497460406273603	0.6125	1.2851816369220614	0.54375	
iter	6870	0.9414898036047816	0.6125	1.2999084386974573	0.46874999999999994	
iter	6880	1.0440727081149817	0.6000000000000001	1.3158250320702791	0.44999999999999996	
iter	6890	0.9364819508045912	0.6687500000000001	1.3335129730403423	0.4624999999999999	
iter	6900	0.9672097554430366	0.5750000000000002	1.2350151715800166	0.5375	
iter	6910	1.0587714985013008	0.5812499999999999	1.2278271708637476	0.4875000000000001	
iter	6920	0.9398933732882142	0.6812500000000002	1.2057903911918402	0.44999999999999996	
iter	6930	0.8988451734185219	0.6312500000000001	1.2967653907835484	0.48125	
iter	6940	0.9008578257635236	0.6500000000000002	1.1442163502797484	0.5750000000000001	
iter	6950	0.9758118186146021	0.5937500000000001	1.1732860198244452	0.5375	
iter	6960	0.9234888218343258	0.6500000000000001	1.2020591162145138	0.4937499999999999	
iter	6970	1.0127836437895894	0.6312500000000001	1.1973084257915616	0.53125	
iter	6980	1.0784685919061303	0.5750000000000002	1.3554116860032082	0.4875	
iter	6990	1.0310605727136135	0.56875	1.2585397325456142	0.475	
iter	7000	0.9690838176757097	0.5812500000000002	1.2377650160342455	0.5624999999999999	
iter	7010	0.9812885355204344	0.6000000000000001	1.3073678854852915	0.47500000000000003	
iter	7020	1.0454619890078902	0.5499999999999999	1.1595815485343337	0.525	
iter	7030	1.0218640062958002	0.5687500000000001	1.4388593137264252	0.47500000000000003	
iter	7040	1.0303205735981464	0.5500000000000002	1.2946804650127888	0.48125000000000007	
iter	7050	0.9921180866658688	0.6062500000000001	1.1796555118635297	0.50625	
iter	7060	0.977420068345964	0.6562500000000001	1.3470812421292067	0.41875	
iter	7070	0.9582562772557139	0.6250000000000001	1.1657045083120465	0.5312500000000001	
iter	7080	0.9022940415889025	0.64375	1.3618211448192596	0.4312499999999999	
iter	7090	1.028978805989027	0.59375	1.3447924396023154	0.45	
iter	7100	0.8885068725794554	0.6999999999999998	1.1861654175445437	0.58125	
iter	7110	0.9557838775217533	0.6312500000000002	1.4693139316514134	0.45625000000000004	
iter	7120	0.9141997275874019	0.6375000000000001	1.2121548037976027	0.5187500000000003	
iter	7130	0.9392532501369715	0.6312500000000003	1.2390997782349586	0.4687499999999999	
iter	7140	0.8814537660218775	0.6125000000000002	1.1900914423167706	0.5125000000000001	
iter	7150	1.0359850488603115	0.5812500000000002	1.500252852216363	0.36250000000000004	
iter	7160	0.9186996705830097	0.6437499999999999	1.290610883384943	0.5125	
iter	7170	1.0411869743838906	0.5749999999999998	1.1359752789139748	0.51875	
iter	7180	1.0298031801357865	0.6187500000000001	1.3782242108136415	0.4249999999999999	
iter	7190	1.014198586344719	0.5875	1.2379496926441789	0.46875000000000006	
iter	7200	0.9106843704357743	0.6062500000000002	1.0190014922991395	0.5750000000000001	
iter	7210	0.9411354921758175	0.61875	1.2600407460704446	0.475	
iter	7220	0.9396884776651859	0.6187500000000001	1.327760936692357	0.4625	
iter	7230	0.9316381458193064	0.64375	1.0727742118760943	0.5625000000000001	
iter	7240	0.9015298411250114	0.6250000000000001	1.2441740869544446	0.46875000000000006	
iter	7250	0.9792574979364872	0.6312500000000001	1.257969825528562	0.475	
iter	7260	0.9724576463922858	0.6187500000000001	1.2692879512906075	0.49375	
iter	7270	0.9092847099527717	0.5875	1.2259539170190692	0.46874999999999994	
iter	7280	0.9666579607874155	0.6000000000000001	1.2386011462658644	0.5125	
iter	7290	1.0240963632240891	0.5812499999999999	1.292874651029706	0.44375	
iter	7300	0.900738843716681	0.6500000000000002	1.1805151365697384	0.5187500000000003	
iter	7310	0.9141053715720773	0.6250000000000002	1.095907838549465	0.5375000000000001	
iter	7320	1.0359426094219089	0.5562500000000001	1.2120011877268553	0.5187500000000002	
iter	7330	0.88862210419029	0.6625000000000003	1.3046028818935156	0.51875	
iter	7340	0.9539941484108567	0.6250000000000002	1.1895083859562874	0.4875	
iter	7350	0.8747641192749143	0.65625	1.108028819784522	0.5375000000000001	
iter	7360	0.9607539381831884	0.59375	1.0404342897236347	0.5562500000000001	
iter	7370	1.0699209067970514	0.6062500000000002	1.229514967650175	0.5187499999999998	
iter	7380	0.9718716000206769	0.6125	1.223439984023571	0.5062500000000001	
iter	7390	0.952249001711607	0.63125	1.2031076876446605	0.51875	
iter	7400	1.025385970249772	0.575	1.1414896761998534	0.5375	
iter	7410	1.099324875511229	0.5874999999999999	1.1536673419177532	0.49374999999999997	
iter	7420	0.8997457316145301	0.6250000000000001	1.311881747096777	0.42499999999999993	
iter	7430	1.0153807969763875	0.5874999999999999	1.1785271940752864	0.5875	
iter	7440	0.9761814046651125	0.61875	1.1850631926208735	0.5062500000000001	
iter	7450	0.9111162573099136	0.6375000000000001	1.2196580665186048	0.54375	
iter	7460	0.9696568641811609	0.6625000000000002	1.1883371137082577	0.5437500000000001	
iter	7470	1.0294008003547788	0.5937500000000002	1.2245491351932287	0.5125	
iter	7480	0.9158102609217167	0.6250000000000002	1.0072426674887538	0.5625000000000002	
iter	7490	0.9994581816717982	0.6125000000000002	1.3461281843483448	0.44999999999999984	
iter	7500	0.917262508533895	0.6187499999999999	1.4291380438953638	0.43125	
iter	7510	0.915984115563333	0.6562500000000001	1.2010688576847315	0.5375	
iter	7520	0.9381305081769824	0.6750000000000002	1.2052544625476003	0.51875	
iter	7530	0.9255845546722412	0.6375000000000002	1.2991038300096989	0.50625	
iter	7540	0.984185142442584	0.5937499999999999	1.2829762259498239	0.48750000000000004	
iter	7550	0.9402660811319947	0.625	1.2961293263360858	0.4937500000000001	
iter	7560	1.0478451866656542	0.5750000000000001	1.2189013678580523	0.49374999999999997	
iter	7570	0.8488369956612587	0.6562500000000002	1.0999594647437334	0.4937500000000001	
iter	7580	1.0445167012512684	0.56875	1.285448471084237	0.4499999999999999	
iter	7590	0.8816673345863819	0.6500000000000002	1.2348292618989944	0.55625	
iter	7600	0.9053880600258708	0.6375000000000001	1.2489193556830287	0.48125	
iter	7610	1.0457775676622987	0.5875000000000001	1.172843523323536	0.5187500000000002	
iter	7620	1.0164845725521445	0.59375	1.3109615202993155	0.4687500000000001	
iter	7630	0.904162379913032	0.6375000000000001	1.2559427432715893	0.50625	
iter	7640	1.1010251585394144	0.4500000000000001	1.1458664359524846	0.55	
iter	7650	0.9415344325825572	0.63125	1.3062615804374218	0.4749999999999999	
iter	7660	0.8503025947138667	0.6875000000000002	1.3226685486733913	0.43750000000000006	
iter	7670	0.9466008944436908	0.6187500000000001	1.2302661295980215	0.5187499999999999	
iter	7680	0.876759534701705	0.6375000000000001	1.278983337804675	0.46249999999999997	
iter	7690	0.844640264287591	0.6687500000000001	1.2532965950667858	0.46875	
iter	7700	0.9543713917955756	0.6062500000000002	1.3078572694212198	0.47500000000000003	
iter	7710	0.9959398536011577	0.6125000000000002	1.1470493208616972	0.53125	
iter	7720	0.9816882461309433	0.65625	1.2598277740180492	0.50625	
iter	7730	1.1354711400344968	0.5312500000000001	1.369142142124474	0.49374999999999997	
iter	7740	1.0796887213364244	0.5875000000000002	1.218544065952301	0.49375	
iter	7750	0.9902798691764474	0.6062500000000001	1.1425688285380602	0.5875	
iter	7760	0.9071134403347969	0.6562500000000001	1.2572856955230236	0.47500000000000003	
iter	7770	0.971645818091929	0.6375000000000001	1.2671841466799378	0.5062500000000001	
iter	7780	1.0166800869628787	0.6312500000000003	1.2018489483743906	0.48750000000000004	
iter	7790	0.9983751187101007	0.6	1.147760946303606	0.5312499999999999	
iter	7800	0.9590025320649147	0.5937500000000001	1.3237718399614096	0.46249999999999997	
iter	7810	0.9704808853566647	0.6250000000000001	1.1793838711455464	0.5125	
iter	7820	1.0581157263368368	0.55	1.433038029819727	0.45	
iter	7830	0.9787650071084499	0.6062500000000001	1.2777965106070042	0.4312500000000001	
iter	7840	0.8855832470580935	0.6250000000000001	1.1548300869762897	0.4875	
iter	7850	0.9367409273982048	0.6375000000000003	1.1721733063459396	0.5125000000000001	
iter	7860	0.9021253604441881	0.65	1.3310966128483415	0.4625	
iter	7870	0.9998317249119282	0.61875	1.2276340927928686	0.55625	
iter	7880	0.9813148844987154	0.5750000000000002	1.333611711859703	0.4625	
iter	7890	0.974536957219243	0.5937500000000001	1.3553922604769468	0.47500000000000003	
iter	7900	0.9365315767936409	0.6250000000000002	1.2540835347026587	0.4937500000000001	
iter	7910	0.9502507708966732	0.6562500000000002	1.349962294101715	0.48125000000000007	
iter	7920	0.9368106042966247	0.6250000000000002	1.3801190899685025	0.44375000000000003	
iter	7930	1.0354885840788484	0.55625	1.2796090245246887	0.47500000000000003	
iter	7940	1.0470191426575184	0.575	1.2135849483311176	0.525	
iter	7950	0.982224534265697	0.5937500000000001	1.324204970151186	0.4812500000000002	
iter	7960	0.995834487490356	0.5937500000000002	1.2193602519109845	0.525	
iter	7970	0.8831012565642595	0.6625000000000001	1.1223413832485676	0.48124999999999996	
iter	7980	0.9121220009401441	0.6562500000000003	1.3328932533040643	0.4625000000000001	
iter	7990	0.8442604411393404	0.6687500000000001	1.2462790608406067	0.4750000000000001	
iter	8000	1.0907637309283018	0.5625000000000002	1.206576919183135	0.49375	
iter	8010	0.9844204010441899	0.60625	1.2166720479726791	0.5187499999999999	
iter	8020	1.014702812768519	0.53125	1.1325945677235723	0.5562500000000001	
iter	8030	1.0345018524676561	0.6250000000000002	1.2369400169700384	0.50625	
iter	8040	0.9258507564663887	0.6687500000000001	1.3056744560599327	0.4375	
iter	8050	0.9157583443447948	0.6312500000000001	1.4449846539646387	0.39999999999999997	
iter	8060	1.017688018269837	0.5750000000000001	1.148029811680317	0.50625	
iter	8070	0.9347218070179224	0.61875	1.1863092295825481	0.5437500000000001	
iter	8080	0.9886674284934998	0.6687500000000002	1.1651382874697447	0.50625	
iter	8090	0.9441446494311094	0.6062500000000001	1.2012621443718672	0.45624999999999993	
iter	8100	0.953178592491895	0.65	1.2108023697510362	0.5375	
iter	8110	0.9929895559325814	0.6062500000000001	1.2134003303945065	0.49375	
iter	8120	0.9315068693831563	0.6125000000000002	1.3931130934506655	0.47500000000000003	
iter	8130	0.8666074299253523	0.6437500000000003	1.2101878048852086	0.49375000000000013	
iter	8140	0.9219392631202936	0.5937500000000001	1.2770658563822508	0.5312500000000001	
iter	8150	0.9040955556556582	0.66875	1.1832724018022418	0.5375	
iter	8160	0.9373464016243815	0.6250000000000002	1.3612982258200645	0.525	
iter	8170	1.025153761729598	0.575	1.2297950219362974	0.525	
iter	8180	0.9127634912729263	0.61875	1.078084273263812	0.6000000000000001	
iter	8190	0.8662189082242548	0.6625	1.195629196241498	0.49374999999999986	
iter	8200	1.008351108059287	0.5875000000000001	1.4232017397880554	0.45	
iter	8210	0.935945538803935	0.6437500000000002	1.255680326372385	0.525	
iter	8220	1.0576434545218945	0.5625000000000001	1.2375754863023758	0.43749999999999994	
iter	8230	0.9248934676870704	0.6562500000000002	1.5065017566084862	0.38125	
iter	8240	0.8534511607140303	0.7062500000000002	1.2659903652966022	0.50625	
iter	8250	0.9936132105067372	0.6250000000000001	1.3275068663060665	0.41874999999999996	
iter	8260	1.0104836001992226	0.6375000000000002	1.2680234592407942	0.5	
iter	8270	0.8987910803407431	0.5937500000000001	1.2993151154369116	0.4750000000000001	
iter	8280	0.9457179438322783	0.6062500000000001	1.2339720167219639	0.49375000000000013	
iter	8290	1.119345374405384	0.5499999999999999	1.3431395832449198	0.4374999999999999	
iter	8300	0.984758353792131	0.6187499999999999	1.3573849350214005	0.4375	
iter	8310	1.0681491903960705	0.5812499999999999	1.2041900334879756	0.5500000000000002	
iter	8320	1.0124494200572371	0.5749999999999998	0.9971003443934023	0.5687500000000001	
iter	8330	1.0118016311898828	0.5562499999999999	1.2369864210486412	0.5187499999999999	
iter	8340	0.8580565168522298	0.6562500000000001	1.2799186585471034	0.4750000000000001	
iter	8350	1.0985275288112462	0.56875	1.2173057198524475	0.4875	
iter	8360	1.0070668226107955	0.65625	1.2375765508040786	0.5625	
iter	8370	1.0426217392086983	0.59375	1.2754590902477503	0.49375	
iter	8380	0.9778509764000773	0.5937500000000001	1.287322599440813	0.46875	
iter	8390	0.9315248681232333	0.6000000000000001	1.2503393180668354	0.5125000000000001	
iter	8400	1.0367588959634304	0.55625	1.206480197608471	0.51875	
iter	8410	0.9489704184234142	0.6250000000000001	1.3127408185973763	0.49374999999999997	
iter	8420	0.9373224778100848	0.6	1.3510435577481985	0.45000000000000007	
iter	8430	0.8332311352714896	0.6437499999999999	1.2107004476711154	0.5312499999999999	
iter	8440	0.9447621498256922	0.61875	1.097286102361977	0.5562499999999999	
iter	8450	0.9019487434998155	0.63125	1.22971130348742	0.48750000000000004	
iter	8460	1.0364515846595168	0.6	1.1391396401450038	0.56875	
iter	8470	1.0228589866310358	0.5812500000000002	1.0752978147938848	0.5750000000000002	
iter	8480	1.0585559355095029	0.5625	1.2128320261836052	0.53125	
iter	8490	0.9049288425594568	0.6437500000000003	1.2538245292380452	0.4875000000000001	
iter	8500	0.9282528227195144	0.6187500000000001	1.3384461104869843	0.4375	
iter	8510	1.0848236754536629	0.55	1.2347964895889163	0.51875	
iter	8520	0.9164428068324924	0.6500000000000002	1.2088161930441856	0.55	
iter	8530	1.0514590637758374	0.51875	1.2955040261149406	0.5000000000000001	
iter	8540	0.9881371497176588	0.5874999999999999	1.2603803928941488	0.5000000000000001	
iter	8550	0.9296062374487519	0.6500000000000001	1.3383060107007623	0.49999999999999983	
iter	8560	0.9653489999473095	0.6062500000000001	1.1224675541743636	0.525	
iter	8570	0.9654767364263535	0.5812500000000003	1.2415181025862694	0.44375	
iter	8580	0.9950400786474347	0.5875000000000001	1.3490032814443111	0.4625	
iter	8590	0.9181598192080855	0.6250000000000003	1.2535275975242257	0.46874999999999994	
iter	8600	0.9127671923488379	0.6375000000000002	1.1837209342047572	0.5312500000000001	
iter	8610	0.9187898747622967	0.6437500000000003	1.146798032335937	0.55625	
iter	8620	0.9628413282334805	0.6250000000000002	1.20928849093616	0.49374999999999997	
iter	8630	0.8336967043578625	0.6625000000000003	1.2695052670314908	0.50625	
iter	8640	0.8245445750653744	0.7187500000000003	1.0941183706745505	0.5625000000000001	
iter	8650	0.9203641032800078	0.6125000000000002	1.2000380344688892	0.55625	
iter	8660	0.8800438903272152	0.6375000000000003	1.264029923826456	0.48125	
iter	8670	1.0460198651999235	0.6250000000000001	1.225166967138648	0.54375	
iter	8680	0.9065242195501924	0.61875	1.2502610553056002	0.5	
iter	8690	0.881261769682169	0.6875000000000002	1.290515067987144	0.5125000000000001	
iter	8700	0.8607588717713952	0.6437499999999999	1.0210328651592135	0.6000000000000001	
iter	8710	0.8830083003267646	0.6437499999999999	1.174538346938789	0.5499999999999999	
iter	8720	0.9421604461967945	0.5812499999999998	1.1782019026577473	0.5125000000000001	
iter	8730	0.9645726652815938	0.6312500000000002	1.1982912784442306	0.5437500000000001	
iter	8740	1.021666631102562	0.55	1.2789731975644827	0.5187499999999999	
iter	8750	0.9359875358641148	0.6312500000000001	1.1570764724165201	0.51875	
iter	8760	1.1112344935536385	0.5437500000000001	1.3575084013864398	0.4999999999999999	
iter	8770	1.0506426505744457	0.5875000000000002	1.149663871154189	0.525	
iter	8780	0.9487175727263093	0.6250000000000002	1.2055951450020075	0.475	
iter	8790	0.8830161630176008	0.6375000000000001	1.3493320364505053	0.43749999999999994	
iter	8800	0.9934428287670016	0.6312500000000001	1.3461803253740072	0.5	
iter	8810	0.8629455473273993	0.6312500000000002	1.1460789889097214	0.525	
iter	8820	0.8373373812064528	0.6812500000000002	1.3290223106741905	0.4687500000000001	
iter	8830	1.0335209965705872	0.5624999999999999	1.384128101170063	0.42499999999999993	
iter	8840	0.9910759357735515	0.6562500000000002	1.4610485592857003	0.4312500000000001	
iter	8850	1.0903813997283578	0.5562500000000001	1.131278901360929	0.56875	
iter	8860	0.9099770560860634	0.6500000000000001	1.1423157909885049	0.54375	
iter	8870	0.9851486030966043	0.5937500000000001	1.2547716181725264	0.48125000000000007	
iter	8880	0.8523680940270424	0.6625000000000001	1.1537858583033085	0.5375000000000001	
iter	8890	0.9439780423417687	0.6125000000000002	1.2434626938775182	0.5062500000000001	
iter	8900	0.8975846637040377	0.6562500000000002	1.2444649543613195	0.4875	
iter	8910	0.9415403138846159	0.6250000000000001	1.216609456576407	0.54375	
iter	8920	1.0253226840868592	0.5937499999999999	1.1643357817083597	0.51875	
iter	8930	0.8535678549669683	0.6625000000000002	1.1146832928061485	0.53125	
iter	8940	0.9301113709807396	0.6125000000000003	1.2344051469117403	0.5125000000000001	
iter	8950	0.8965182285755873	0.6437500000000003	1.2614060258492827	0.45625000000000004	
iter	8960	0.9025311265140772	0.66875	1.314773514866829	0.4562500000000001	
iter	8970	0.9050640016794205	0.6875000000000002	1.2657048562541604	0.5249999999999999	
iter	8980	1.0352993225678802	0.5625	1.1523546651005745	0.51875	
iter	8990	1.0971376346424222	0.5249999999999999	1.2378932097926736	0.49374999999999997	
iter	9000	0.9672810714691877	0.6062500000000001	1.289827291853726	0.5125000000000001	
iter	9010	0.9482646211981773	0.59375	1.2286625728011131	0.49374999999999997	
iter	9020	0.9525020448490977	0.5812499999999999	1.144511935301125	0.5499999999999998	
iter	9030	0.9156032660976052	0.6375000000000002	1.2610888723284006	0.49375000000000013	
iter	9040	0.9828612729907036	0.6250000000000001	1.2312024999409914	0.4875	
iter	9050	1.0631325002759695	0.58125	1.165657691191882	0.5125000000000001	
iter	9060	0.9707231796346605	0.6562500000000002	1.2019068095833063	0.4875	
iter	9070	0.8934372337535024	0.675	1.128164385445416	0.5625	
iter	9080	0.9182277470827103	0.64375	1.1361484602093697	0.55625	
iter	9090	0.8919160151854157	0.6625000000000001	1.2325193583965302	0.44375000000000003	
iter	9100	0.8374720690771937	0.6375000000000001	1.1664199829101562	0.5375000000000002	
iter	9110	0.8704424947500229	0.6625000000000002	1.1962652979418635	0.4937500000000001	
iter	9120	0.9543704930692911	0.6437500000000002	1.1489055193960667	0.5625	
iter	9130	0.9108855221420527	0.6125	1.2874704441055655	0.43125	
iter	9140	0.9071791190654039	0.6375000000000003	1.2968288715928793	0.5187499999999999	
iter	9150	0.9152761129662395	0.6812500000000002	1.265019497834146	0.46874999999999994	
iter	9160	0.9413232579827309	0.64375	1.403052506968379	0.45625000000000004	
iter	9170	0.8722613342106342	0.6687500000000004	1.1897710282355547	0.5	
iter	9180	0.9603139609098434	0.6125000000000002	1.2554513812065125	0.5250000000000002	
iter	9190	0.858354277908802	0.6500000000000001	1.2926989030092955	0.4624999999999999	
iter	9200	1.026369208469987	0.5937500000000002	1.1876811226829886	0.49999999999999994	
iter	9210	0.9639438632875681	0.58125	1.0160341681912541	0.5812499999999999	
iter	9220	0.9442462418228388	0.5874999999999999	1.1493648504838347	0.5625	
iter	9230	0.8836658410727978	0.6437500000000002	1.2238459726795554	0.46875	
iter	9240	1.0557397231459618	0.56875	1.2890182845294476	0.49375	
iter	9250	0.9920779503881931	0.5625000000000001	1.237912144511938	0.5375000000000001	
iter	9260	1.0195641405880451	0.6375000000000001	1.1284549366682768	0.5375000000000001	
iter	9270	0.9971020519733429	0.5750000000000002	1.3352746982127428	0.475	
iter	9280	0.8389706816524267	0.6375000000000001	1.1611133944243193	0.5375000000000001	
iter	9290	0.9400995504111052	0.6562500000000001	1.1404328867793083	0.55	
iter	9300	1.0021808808669448	0.5687500000000001	1.239993330091238	0.49374999999999997	
iter	9310	0.9959043618291616	0.6375000000000002	1.2188076134771109	0.49374999999999997	
iter	9320	0.9571163468062878	0.63125	1.2597555043175817	0.47500000000000003	
iter	9330	0.9607744105160236	0.5875	1.3893826734274626	0.44999999999999996	
iter	9340	0.9841605918481946	0.61875	1.4096924122422934	0.46875	
iter	9350	0.959152246825397	0.6125000000000002	1.2207510378211737	0.49375	
iter	9360	0.9356338791549206	0.5812500000000003	1.2449735421687365	0.5062499999999999	
iter	9370	0.8632544577121735	0.6375000000000002	1.2311074938625097	0.50625	
iter	9380	0.8553295563906431	0.6875000000000003	1.170717074535787	0.50625	
iter	9390	0.8994704959914088	0.6625000000000002	1.1926198778674006	0.5562500000000001	
iter	9400	0.8427190617658198	0.6625000000000001	1.2883255537599325	0.4749999999999999	
iter	9410	0.892010391689837	0.6687500000000003	1.1125806337222457	0.5562499999999999	
iter	9420	0.9075450673699379	0.625	1.2383128898218274	0.5125000000000001	
iter	9430	0.9083513841032982	0.6125	1.2168545359745622	0.46249999999999997	
iter	9440	0.8697434831410646	0.65625	1.319802082143724	0.4374999999999999	
iter	9450	0.948923577554524	0.6125000000000002	1.2202434120699763	0.5375000000000002	
iter	9460	0.761233190074563	0.7125000000000002	1.2748033972457051	0.50625	
iter	9470	0.9711659038439393	0.6000000000000001	1.4464803338050842	0.43750000000000006	
iter	9480	0.9363049864768982	0.5937500000000001	1.2570410249754786	0.5312499999999999	
iter	9490	0.9063987452536821	0.6312500000000003	1.3229709966108203	0.45625	
iter	9500	0.9188949102535844	0.6	1.1265477780252695	0.54375	
iter	9510	0.9662685208022594	0.5875000000000001	1.2350969957187772	0.48124999999999996	
iter	9520	0.8693291116505861	0.6500000000000002	1.1612824331969023	0.5375	
iter	9530	0.9430464617908001	0.6250000000000002	1.1442624665796757	0.54375	
iter	9540	0.9093211283907294	0.6000000000000001	1.2552267080172896	0.5	
iter	9550	0.9422281254082918	0.6375000000000001	1.2674014326184988	0.5062499999999999	
iter	9560	1.0398170929402113	0.5562499999999999	1.329729133285582	0.48124999999999996	
iter	9570	0.9733289713039994	0.6500000000000002	1.2093265149742365	0.50625	
iter	9580	0.8849758515134454	0.6062500000000001	1.1936961058527231	0.5437500000000002	
iter	9590	0.9471486182883382	0.5937500000000001	1.1809407602995634	0.5562499999999999	
iter	9600	0.9589734058827162	0.6125	1.2848712280392647	0.55	
iter	9610	0.8756825095042586	0.65	1.3642977066338062	0.4625000000000001	
iter	9620	0.9400299862027168	0.6125	1.244276912882924	0.5562499999999999	
iter	9630	0.8543020589277148	0.6687500000000002	1.288984659127891	0.53125	
iter	9640	0.8805079162120819	0.6625000000000002	1.1303611136972904	0.49374999999999997	
iter	9650	0.9451055591925979	0.61875	1.2350899362936616	0.45624999999999993	
iter	9660	0.9398872405290604	0.61875	1.1773290019482374	0.5125000000000001	
iter	9670	0.9348589754663408	0.6249999999999999	1.1795176649466157	0.5375	
iter	9680	0.9714880436658859	0.6125000000000003	1.2010813662782311	0.5125000000000001	
iter	9690	0.8884956249967217	0.6250000000000001	1.260444506071508	0.49375	
iter	9700	0.8270275415852666	0.6875000000000002	1.214291039854288	0.50625	
iter	9710	0.8004937469959259	0.6875000000000003	1.1950184889137745	0.43750000000000006	
iter	9720	0.8877665372565389	0.625	1.186537609435618	0.56875	
iter	9730	0.9724360257387161	0.5875000000000001	1.227311434224248	0.49999999999999994	
iter	9740	0.9583394778892398	0.6625000000000003	1.397681463509798	0.44999999999999996	
iter	9750	0.9093963364139199	0.6312500000000001	1.4394228029996157	0.4625	
iter	9760	0.9028191324323416	0.6562500000000001	1.2093421090394258	0.51875	
iter	9770	0.9199423836544156	0.64375	1.1459161825478077	0.55625	
iter	9780	1.1504005873575807	0.49999999999999994	1.3031091894954443	0.5062500000000001	
iter	9790	0.8837794251739979	0.6562500000000002	1.2510184608399868	0.4875	
iter	9800	0.9394763177260756	0.5812499999999999	1.2671997603029013	0.4750000000000001	
iter	9810	0.8424338484182954	0.6937500000000002	1.1598356384783983	0.5125000000000001	
iter	9820	0.9996978398412466	0.58125	1.226644491776824	0.5312499999999998	
iter	9830	0.8947826521471143	0.6312500000000001	1.2207042314112186	0.55	
iter	9840	0.9713671901263297	0.6437500000000002	1.4625059813261032	0.425	
iter	9850	0.9049014281481504	0.6249999999999999	1.2781239543110132	0.4437499999999999	
iter	9860	0.9500586576759815	0.64375	1.2648975644260645	0.5062500000000001	
iter	9870	0.901673311367631	0.6312500000000001	1.2958798091858625	0.46874999999999994	
iter	9880	0.9860636377707124	0.6062500000000001	1.3331541726365685	0.4875	
iter	9890	0.9443160397931933	0.6125	1.4245022647082806	0.43124999999999997	
iter	9900	0.9065263383090496	0.65625	1.3643478155136108	0.48125000000000007	
iter	9910	0.8918836452066898	0.65625	1.197584955021739	0.5	
iter	9920	0.9717257679440081	0.63125	1.245692852884531	0.48750000000000004	
iter	9930	0.8992808694019914	0.6437500000000002	1.2712457962334156	0.5062500000000001	
iter	9940	0.8621443258598447	0.6812500000000002	1.21405169647187	0.525	
iter	9950	0.924963444005698	0.5937500000000001	1.2314792163670063	0.5	
iter	9960	0.9013268444687128	0.6312500000000001	1.2265502102673054	0.475	
iter	9970	1.0326691111549735	0.6187499999999998	1.1680324897170067	0.53125	
iter	9980	0.8904242413118482	0.6750000000000002	1.3847035467624664	0.43749999999999994	
iter	9990	1.0628840662539005	0.5875	1.2291190382093191	0.4875	
iter	10000	0.8642473611980677	0.6875000000000003	1.175585982389748	0.5249999999999999	
